1 1 1 1 0 1901.36
1 1 1 2 0 -6838.82
1 1 1 3 0 -10705.1
1 1 1 4 0 -10760.5
1 1 1 5 0 2104.78
1 1 1 6 0 2625.57
1 1 1 7 0 -9187.34
1 1 1 8 0 -9194.34
1 1 1 9 0 2458.65
1 1 1 10 0 2580.03
1 1 1 11 0 -781.748
1 1 1 12 0 2416.38
1 1 1 13 0 1902.14
1 1 1 14 0 2122.55
1 1 1 15 0 379.359
1 1 1 16 0 3784.63
1 1 1 17 0 -796.324
1 1 1 18 0 -6321.26
1 1 1 19 0 2207.79
1 1 1 20 0 3523.15
1 1 1 21 0 2078.55
1 1 1 22 0 -5109.46
1 1 1 23 0 -4442.39
1 1 1 24 0 4112.95
1 1 1 25 0 -3628.32
1 1 1 26 0 -3764.98
1 1 1 27 0 2109.3
1 1 1 28 0 99.8137
1 1 1 29 0 846.262
1 1 1 30 0 2979.17
1 1 1 31 0 -11129.7
1 1 1 32 0 531.326
1 1 1 33 0 -5423.31
1 1 1 34 0 -1420.63
1 1 1 35 0 -1836.25
1 1 1 36 0 2369.73
1 1 1 37 0 1306.44
1 1 1 38 0 1816.08
1 1 1 39 0 4239.74
1 1 1 40 0 2932.11
1 1 1 41 0 3138.22
1 1 1 42 0 3884.9
1 1 1 43 0 1407.19
1 1 1 44 0 -1051.61
1 1 1 45 0 1923.36
1 1 1 46 0 3694
1 1 1 47 0 2808.77
1 1 1 48 0 2961.34
1 1 1 49 0 2435.15
1 1 1 50 0 2048.29
1 1 1 51 0 1859.24
1 1 1 52 0 1988.87
1 1 1 53 0 -4996.64
1 1 1 54 0 -3900.04
1 1 1 55 0 3142.19
1 1 1 56 0 4133.76
1 1 1 57 0 507.46
1 1 1 58 0 3353.53
1 1 1 59 0 -8146.51
1 1 1 60 0 -8218.07
1 1 1 61 0 811.214
1 1 1 62 0 2233.75
1 1 1 63 0 4110.47
1 1 1 64 0 3560.87
1 1 1 65 0 3795.43
1 1 1 66 0 2810.1
1 1 1 67 0 3557.67
1 1 1 68 0 2246.74
1 1 1 69 0 468.996
1 1 1 70 0 4249.38
1 1 1 71 0 3524.81
1 1 1 72 0 3673.6
1 1 1 73 0 3449.42
1 1 1 74 0 -4198.6
1 1 1 75 0 2098.96
1 1 1 76 0 2363.16
1 1 1 77 0 -494.47
1 1 1 78 0 3676.21
1 1 1 79 0 -11076.4
1 1 1 80 0 495.21
1 1 1 81 0 407.355
1 1 1 82 0 2395.11
1 1 1 83 0 4456.12
1 1 1 84 0 2756.72
1 1 1 85 0 3131.62
1 1 1 86 0 1396.24
1 1 1 87 0 -1381.89
1 1 1 88 0 -7894.09
1 1 1 89 0 -11140.1
1 1 1 90 0 1636.42
1 1 1 91 0 -149.122
1 1 1 92 0 1729.52
1 1 1 93 0 -2780.68
1 2 2 1 0 13119.2
1 2 2 2 0 24494.5
1 2 2 3 0 27252.1
1 2 2 4 0 26943.8
1 2 2 5 0 13057.1
1 2 2 6 0 15318.2
1 2 2 7 0 24532.7
1 2 2 8 0 24446
1 2 2 9 0 17350.4
1 2 2 10 0 12463.4
1 2 2 11 0 18444.4
1 2 2 12 0 13292.5
1 2 2 13 0 12163.5
1 2 2 14 0 16034.8
1 2 2 15 0 21379.5
1 2 2 16 0 13256.3
1 2 2 17 0 15114.1
1 2 2 18 0 23713
1 2 2 19 0 13828.3
1 2 2 20 0 12894.7
1 2 2 21 0 14813
1 2 2 22 0 23724.4
1 2 2 23 0 23009.1
1 2 2 24 0 12831.1
1 2 2 25 0 22201.3
1 2 2 26 0 21955.3
1 2 2 27 0 13656.2
1 2 2 28 0 20623.5
1 2 2 29 0 16986.9
1 2 2 30 0 17518.6
1 2 2 31 0 33535.6
1 2 2 32 0 16338.1
1 2 2 33 0 22879.5
1 2 2 34 0 18413.4
1 2 2 35 0 17395.4
1 2 2 36 0 14492.9
1 2 2 37 0 15403.9
1 2 2 38 0 13621.2
1 2 2 39 0 12154.4
1 2 2 40 0 14019.9
1 2 2 41 0 13147.6
1 2 2 42 0 13832.2
1 2 2 43 0 18377.2
1 2 2 44 0 20441.6
1 2 2 45 0 12258
1 2 2 46 0 11859.3
1 2 2 47 0 13472.9
1 2 2 48 0 13956.7
1 2 2 49 0 14294.4
1 2 2 50 0 14729.2
1 2 2 51 0 14157.2
1 2 2 52 0 14480.5
1 2 2 53 0 24725.8
1 2 2 54 0 21924.8
1 2 2 55 0 11998.3
1 2 2 56 0 12284.8
1 2 2 57 0 17966.4
1 2 2 58 0 13396
1 2 2 59 0 24578.9
1 2 2 60 0 24417
1 2 2 61 0 16765.6
1 2 2 62 0 15153.7
1 2 2 63 0 15844.1
1 2 2 64 0 12946.3
1 2 2 65 0 13193
1 2 2 66 0 12433.3
1 2 2 67 0 13159.1
1 2 2 68 0 14715.6
1 2 2 69 0 11841.3
1 2 2 70 0 12422.9
1 2 2 71 0 13181.9
1 2 2 72 0 14129.7
1 2 2 73 0 12677.8
1 2 2 74 0 20904.6
1 2 2 75 0 14003.9
1 2 2 76 0 13705.3
1 2 2 77 0 16256
1 2 2 78 0 14679.4
1 2 2 79 0 33891.4
1 2 2 80 0 14413.1
1 2 2 81 0 15958
1 2 2 82 0 11971.8
1 2 2 83 0 13945.4
1 2 2 84 0 14554
1 2 2 85 0 14933.4
1 2 2 86 0 14575.5
1 2 2 87 0 21519.7
1 2 2 88 0 27548.3
1 2 2 89 0 33613.8
1 2 2 90 0 12512
1 2 2 91 0 13507.8
1 2 2 92 0 16868.8
1 2 2 93 0 21331.2
