DATAFILE data.txt
NTRAITS 9
TRAITS 9 10 11 12 13 14 15 16 17
NEFFECTS 15 15 15 15 15 15 15 15 15
NVAR 17
MISSING -99
WEIGHT 0 0 0 0 0 0 0 0 0
EFFECTS
1 3/F 4/F 1/R,1 2/R,2 5/FR,4 6/FR,4 7/FR,4 8/FR,4 5/RR,1,1-2 6/RR,1,1-3 7/RR,1,1-4 8/RR,1,1-5 5/RR,2,2-2 6/RR,2,2-3 7/RR,2,2-4
2 3/F 4/F 1/R,1 2/R,2 5/FR,4 6/FR,4 7/FR,4 8/FR,4 5/RR,1,1-2 6/RR,1,1-3 7/RR,1,1-4 8/RR,1,1-5 5/RR,2,2-2 6/RR,2,2-3 7/RR,2,2-4
3 3/F 4/F 1/R,1 2/R,2 5/FR,4 6/FR,4 7/FR,4 8/FR,4 5/RR,1,1-2 6/RR,1,1-3 7/RR,1,1-4 8/RR,1,1-5 5/RR,2,2-2 6/RR,2,2-3 7/RR,2,2-4
4 3/F 4/F 1/R,1 2/R,2 5/FR,4 6/FR,4 7/FR,4 8/FR,4 5/RR,1,1-2 6/RR,1,1-3 7/RR,1,1-4 8/RR,1,1-5 5/RR,2,2-2 6/RR,2,2-3 7/RR,2,2-4
5 3/F 4/F 1/R,1 2/R,2 5/FR,4 6/FR,4 7/FR,4 8/FR,4 5/RR,1,1-2 6/RR,1,1-3 7/RR,1,1-4 8/RR,1,1-5 5/RR,2,2-2 6/RR,2,2-3 7/RR,2,2-4
6 3/F 4/F 1/R,1 2/R,2 5/FR,4 6/FR,4 7/FR,4 8/FR,4 5/RR,1,1-2 6/RR,1,1-3 7/RR,1,1-4 8/RR,1,1-5 5/RR,2,2-2 6/RR,2,2-3 7/RR,2,2-4
7 3/F 4/F 1/R,1 2/R,2 5/FR,4 6/FR,4 7/FR,4 8/FR,4 5/RR,1,1-2 6/RR,1,1-3 7/RR,1,1-4 8/RR,1,1-5 5/RR,2,2-2 6/RR,2,2-3 7/RR,2,2-4
8 3/F 4/F 1/R,1 2/R,2 5/FR,4 6/FR,4 7/FR,4 8/FR,4 5/RR,1,1-2 6/RR,1,1-3 7/RR,1,1-4 8/RR,1,1-5 5/RR,2,2-2 6/RR,2,2-3 7/RR,2,2-4
9 3/F 4/F 1/R,1 2/R,2 5/FR,4 6/FR,4 7/FR,4 8/FR,4 5/RR,1,1-2 6/RR,1,1-3 7/RR,1,1-4 8/RR,1,1-5 5/RR,2,2-2 6/RR,2,2-3 7/RR,2,2-4
COV 1
5.3752 0.13288 0.14248 5.4745 0.13734 0.148 5.6063 0.14807 0.14908 0.27875 0.0046233 0.020791 -0.69307 -0.0079482 -0.008123 -1.1638 -0.027672 -0.02702 -0.5277 0.01533 -0.0065377 -1.2076 0.0030504 -0.028604 -1.4694 -0.035938 -0.034689 0.33475 -0.007184 -0.0013466 0.48671 -0.02111 0.001077 0.63555 0.015971 0.013186 -0.60342 -0.0035471 -0.0064512 -0.25467 0.0088471 0.0053604 -0.25846 -0.0084474 -0.0048671 
0.13288 0.0060443 0.0040632 0.11566 0.0054098 0.0035897 0.14345 0.0065843 0.0043213 -0.006021 -0.00032515 0.00019837 -0.017142 -0.00047765 -0.0001124 -0.039914 -0.0015877 -0.0010519 -0.011036 -8.4439e-05 -0.00032012 -0.025396 -0.00041906 -0.00066962 -0.021488 -0.001142 -0.00057584 0.007796 -6.8815e-05 -1.8928e-06 0.0098738 -0.00019467 2.1778e-05 0.016478 0.00083622 0.00043155 -0.013359 -0.00023061 -5.0085e-05 -0.0083152 2.3898e-05 0.00012444 -0.0073492 -0.00057371 -0.00019297 
0.14248 0.0040632 0.0045397 0.15041 0.0043185 0.004737 0.15524 0.0047566 0.004749 0.0042938 0.00011819 0.00044909 -0.01724 -0.00010769 -0.00023512 -0.029461 -0.00069714 -0.00074429 -0.013356 0.00039351 -0.0003202 -0.030335 -1.5296e-06 -0.00089972 -0.03224 -0.00078888 -0.00086902 0.013536 -8.5468e-06 0.00015937 0.014777 -0.0004004 0.00016508 0.018626 0.00048966 0.00046365 -0.020034 -0.00022814 -0.00033 -0.011971 5.1095e-05 -4.2157e-05 -0.010156 -0.00032218 -0.00027148 
5.4745 0.11566 0.15041 9.6155 0.23298 0.27094 8.5617 0.22266 0.23838 1.5101 0.037805 0.067591 -0.15832 0.021658 0.027912 -0.76852 -0.018953 -0.00354 -0.98082 0.021763 -0.020988 -0.92632 0.027881 -0.016591 -1.6829 -0.012267 -0.039953 0.49376 -0.0094883 0.0035394 0.79696 -0.028049 -0.0015189 1.092 0.013359 0.021097 -0.27298 0.0052907 0.0036117 -1.126 -0.0032018 -0.014149 -0.50203 0.0014719 -0.0053358 
0.13734 0.0054098 0.0043185 0.23298 0.008502 0.0071018 0.23543 0.0088652 0.0071087 0.025257 0.00048921 0.0014214 0.0014574 7.992e-05 0.00093254 -0.017874 -0.00088213 -0.00012771 -0.023042 0.00012126 -0.00070351 -0.022347 0.00018732 -0.00050825 -0.046208 -0.00087973 -0.0012459 0.020525 9.347e-05 0.00039073 0.015864 -0.00041812 -0.00016587 0.032802 0.0008322 0.00077865 -0.0099852 -0.00013358 -8.8207e-07 -0.028381 -0.00038451 -0.00029287 -0.00442 -3.352e-05 0.00014853 
0.148 0.0035897 0.004737 0.27094 0.0071018 0.0084164 0.24426 0.0070023 0.007453 0.040423 0.0010872 0.0018282 0.0046459 0.0010239 0.00096594 -0.0078957 -0.00017953 0.00015308 -0.021299 0.00077422 -0.00056477 -0.019369 0.00091764 -0.00046237 -0.040716 -0.00011281 -0.0010946 0.019223 -0.00010794 0.00031831 0.023017 -0.00068858 0.0001185 0.032673 0.00054249 0.00074582 -0.012275 3.4223e-05 -6.8679e-05 -0.036382 -0.00026244 -0.00064805 -0.015486 -0.00016481 -0.00027533 
5.6063 0.14345 0.15524 8.5617 0.23543 0.24426 12.008 0.3659 0.34386 0.98134 0.026589 0.046297 0.76002 0.022518 0.051206 -1.0007 -0.021009 -0.0028894 -0.65268 0.0053609 -0.0095138 -0.98415 0.012347 -0.019814 -1.1188 -0.0055891 -0.021098 0.60955 -0.00026492 0.010474 0.63495 -0.005567 1.746e-05 1.302 0.023362 0.024446 -0.0054094 0.019997 0.0091934 -0.33027 0.0065814 0.0065951 -1.2743 -0.029169 -0.027716 
0.14807 0.0065843 0.0047566 0.22266 0.0088652 0.0070023 0.3659 0.015568 0.011228 0.02375 0.00062717 0.0011917 0.037617 0.00080937 0.0020641 -0.0064603 -0.0014335 0.00044688 -0.0040547 -0.00018992 -0.00016003 -0.022166 -0.00036078 -0.00064837 -0.017685 -0.00046336 -0.00040105 0.024233 0.00043054 0.0006252 0.016336 0.00045209 1.02e-05 0.039408 0.0015778 0.00090915 -0.00042449 0.00025241 0.00021532 -0.0058673 0.00018352 0.00041498 -0.042208 -0.0018319 -0.0010464 
0.14908 0.0043213 0.004749 0.23838 0.0071087 0.007453 0.34386 0.011228 0.010633 0.025914 0.00077238 0.0011955 0.028664 0.00097633 0.0015647 -0.017441 -0.0002447 6.2687e-05 -0.016957 0.00010311 -0.00039116 -0.027107 0.00027305 -0.00069766 -0.027749 -0.00012192 -0.00066184 0.022315 0.00021803 0.00052217 0.019602 1.9053e-05 0.00018903 0.040724 0.00089595 0.00092953 -0.0016842 0.00050511 0.00019033 -0.0095432 0.00018266 0.00010543 -0.039685 -0.0011084 -0.0010134 
0.27875 -0.006021 0.0042938 1.5101 0.025257 0.040423 0.98134 0.02375 0.025914 3.3321 0.1152 0.10013 1.1611 0.040123 0.036092 1.5515 0.037949 0.036617 -0.41555 0.0045436 -0.010402 -1.1564 -0.019452 -0.035439 -0.97532 -0.019562 -0.030625 -0.37758 -0.017644 -0.0076698 0.35666 -0.0014952 0.010715 0.014159 0.00041936 0.006461 0.47859 0.012908 0.010169 0.097391 0.0052492 0.0019194 0.17451 -0.00042001 0.0046258 
0.0046233 -0.00032515 0.00011819 0.037805 0.00048921 0.0010872 0.026589 0.00062717 0.00077238 0.1152 0.0050824 0.0037561 0.035816 0.0019299 0.0013942 0.048787 0.0019421 0.0012842 0.0019723 0.00070975 9.2815e-05 -0.031257 -0.00035624 -0.00094549 -0.034873 -0.00062738 -0.0010829 -0.011876 -0.00074726 -0.00027198 0.013987 -0.0001203 0.00034071 -0.0037126 -0.00042916 -2.1586e-05 0.0085444 0.00035051 3.435e-05 -0.0013547 9.1106e-05 -0.00018239 0.0061006 0.00011529 0.00018305 
0.020791 0.00019837 0.00044909 0.067591 0.0014214 0.0018282 0.046297 0.0011917 0.0011955 0.10013 0.0037561 0.003686 0.008792 0.00050482 0.0009129 0.017625 0.00027802 0.00072907 -0.00364 0.00077783 -3.0855e-05 -0.03536 -0.00022351 -0.0010578 -0.038924 -0.00062591 -0.0011584 -0.014777 -0.00091929 -0.00049423 0.01141 -0.00034737 0.00018283 0.0024276 -0.00012585 6.4294e-05 0.010367 0.00037861 0.0002618 0.0021 0.00036903 9.9821e-05 0.0070131 0.00023588 0.0002752 
-0.69307 -0.017142 -0.01724 -0.15832 0.0014574 0.0046459 0.76002 0.037617 0.028664 1.1611 0.035816 0.008792 5.1465 0.16734 0.13299 3.6218 0.12466 0.082777 0.79314 0.015168 0.020514 -0.11356 -0.023941 -0.0048303 0.029283 -0.019217 -0.0025498 0.011661 0.0066199 0.0068174 -0.25461 0.017769 0.0042992 -0.5484 -0.012094 -0.0097018 -0.020328 -0.0092264 -0.0043322 0.069503 -0.015814 -0.010639 0.17775 -0.003833 0.0028608 
-0.0079482 -0.00047765 -0.00010769 0.021658 7.992e-05 0.0010239 0.022518 0.00080937 0.00097633 0.040123 0.0019299 0.00050482 0.16734 0.0075085 0.0046345 0.12736 0.0055161 0.00315 0.034247 0.0011916 0.00088441 0.004055 -0.0006555 9.3827e-05 0.0096661 -0.00042456 0.00018053 -0.0049557 -0.00032411 -0.00012407 -0.0065126 0.00021972 0.00013992 -0.019227 -0.00041539 -0.00046065 -0.003036 -0.00019572 -6.8132e-05 -0.0034013 -0.00024516 -0.00056738 -0.00051309 -0.00044217 -0.0001439 
-0.008123 -0.0001124 -0.00023512 0.027912 0.00093254 0.00096594 0.051206 0.0020641 0.0015647 0.036092 0.0013942 0.0009129 0.13299 0.0046345 0.0041793 0.077446 0.0027349 0.002124 0.029579 0.00095142 0.00078678 -0.0017472 -0.00035395 -6.9128e-05 -0.0045167 -0.00044549 -0.00020582 -0.0037727 -0.00019717 -5.462e-05 -0.0058568 0.00027679 -3.4277e-05 -0.014737 -0.00059184 -0.00049717 -0.00192 -0.00023502 -0.00010408 -0.0034631 -0.0004229 -0.0004382 -0.00082292 -0.00022343 -1.4753e-05 
-1.1638 -0.039914 -0.029461 -0.76852 -0.017874 -0.0078957 -1.0007 -0.0064603 -0.017441 1.5515 0.048787 0.017625 3.6218 0.12736 0.077446 6.6922 0.21955 0.17465 0.70561 0.0060869 0.021114 0.20846 -0.008194 0.0047009 0.37959 -0.0069809 0.0079615 0.27777 0.017493 0.016107 0.035598 0.021391 0.013547 -0.86268 -0.00088756 -0.011016 -0.31828 -0.016628 -0.019381 -0.13947 -0.027069 -0.016329 0.29347 -0.014614 -0.00033393 
-0.027672 -0.0015877 -0.00069714 -0.018953 -0.00088213 -0.00017953 -0.021009 -0.0014335 -0.0002447 0.037949 0.0019421 0.00027802 0.12466 0.0055161 0.0027349 0.21955 0.01084 0.0059817 0.026631 0.0005792 0.0007751 0.013265 0.00012384 0.00045984 0.014934 -0.00056165 0.00035062 0.0076993 0.00039113 0.00035967 -0.0037779 0.00036544 0.00022542 -0.024401 -0.00051572 -0.00032403 -0.011638 -0.00042224 -0.00054535 -0.0077059 -0.00095943 -0.00063235 0.0049035 -0.00022332 -0.00016172 
-0.02702 -0.0010519 -0.00074429 -0.00354 -0.00012771 0.00015308 -0.0028894 0.00044688 6.2687e-05 0.036617 0.0012842 0.00072907 0.082777 0.00315 0.002124 0.17465 0.0059817 0.0052625 0.023215 0.00041365 0.00074555 0.0083932 3.618e-05 0.00028605 0.013127 0.00012223 0.0003426 0.0031996 0.00012982 0.00016368 0.0025332 0.00053853 0.00027595 -0.024293 -0.00024784 -0.00052433 -0.0066747 -0.00025307 -0.00039459 -0.0060971 -0.00076627 -0.00047108 0.0012755 -0.00041998 -0.00015222 
-0.5277 -0.011036 -0.013356 -0.98082 -0.023042 -0.021299 -0.65268 -0.0040547 -0.016957 -0.41555 0.0019723 -0.00364 0.79314 0.034247 0.029579 0.70561 0.026631 0.023215 1.7594 0.053835 0.050238 0.82386 0.019593 0.021037 0.9232 0.025403 0.024354 -0.19948 -0.0061641 -0.0078017 -0.44801 -0.012376 -0.013738 -0.4662 -0.013638 -0.016202 -0.56057 -0.018246 -0.018552 0.046108 0.00013767 -0.0017364 0.18968 -0.00021924 0.0047137 
0.01533 -8.4439e-05 0.00039351 0.021763 0.00012126 0.00077422 0.0053609 -0.00018992 0.00010311 0.0045436 0.00070975 0.00077783 0.015168 0.0011916 0.00095142 0.0060869 0.0005792 0.00041365 0.053835 0.0027851 0.001611 0.011368 0.00087554 0.00031169 0.016082 0.00097729 0.00038563 -0.0094446 -0.00077256 -0.00052469 -0.015676 -0.0011217 -0.00072397 -0.011251 -0.00070471 -0.0004813 -0.02012 -0.00055225 -0.0004554 0.0083115 0.00060014 0.00038403 0.0014145 7.6129e-05 7.8851e-05 
-0.0065377 -0.00032012 -0.0003202 -0.020988 -0.00070351 -0.00056477 -0.0095138 -0.00016003 -0.00039116 -0.010402 9.2815e-05 -3.0855e-05 0.020514 0.00088441 0.00078678 0.021114 0.0007751 0.00074555 0.050238 0.001611 0.0015965 0.020665 0.00058732 0.00059979 0.02762 0.00090282 0.0008552 -0.0067518 -0.00024681 -0.00031407 -0.014218 -0.00045249 -0.00050005 -0.014696 -0.00041727 -0.00054987 -0.01677 -0.00046134 -0.00054092 0.0024764 2.9382e-05 1.7191e-05 0.004976 1.9787e-06 0.00013741 
-1.2076 -0.025396 -0.030335 -0.92632 -0.022347 -0.019369 -0.98415 -0.022166 -0.027107 -1.1564 -0.031257 -0.03536 -0.11356 0.004055 -0.0017472 0.20846 0.013265 0.0083932 0.82386 0.011368 0.020665 2.1127 0.056056 0.062769 1.3962 0.038578 0.037566 -0.18328 7.4751e-05 -0.0042306 -0.42553 -0.0063497 -0.013276 -0.61888 -0.01678 -0.019436 -0.12546 -0.0039837 -0.0063888 -0.59995 -0.023432 -0.020608 -0.15599 -0.0081839 -0.0052874 
0.0030504 -0.00041906 -1.5296e-06 0.027881 0.00018732 0.00091764 0.012347 -0.00036078 0.00027305 -0.019452 -0.00035624 -0.00022351 -0.023941 -0.0006555 -0.00035395 -0.008194 0.00012384 3.618e-05 0.019593 0.00087554 0.00058732 0.056056 0.0030662 0.0018617 0.028897 0.00148 0.00085374 -0.0054802 -0.00031756 -0.00017924 -0.008276 -0.00086857 -0.00054931 -0.0052324 -0.00041562 -0.00029922 -0.0024574 0.00016457 -6.9028e-05 -0.022214 -0.00074993 -0.00055527 -0.012503 -0.0002537 -0.000361 
-0.028604 -0.00066962 -0.00089972 -0.016591 -0.00050825 -0.00046237 -0.019814 -0.00064837 -0.00069766 -0.035439 -0.00094549 -0.0010578 -0.0048303 9.3827e-05 -6.9128e-05 0.0047009 0.00045984 0.00028605 0.021037 0.00031169 0.00059979 0.062769 0.0018617 0.0020991 0.041356 0.0012421 0.0012461 -0.0068262 -5.9369e-05 -0.0002033 -0.012527 -0.00030912 -0.00053467 -0.017472 -0.00053367 -0.00061456 -0.002423 -0.00010155 -0.00012488 -0.017445 -0.0006271 -0.00052495 -0.0043446 -0.00015734 -0.00010758 
-1.4694 -0.021488 -0.03224 -1.6829 -0.046208 -0.040716 -1.1188 -0.017685 -0.027749 -0.97532 -0.034873 -0.038924 0.029283 0.0096661 -0.0045167 0.37959 0.014934 0.013127 0.9232 0.016082 0.02762 1.3962 0.028897 0.041356 3.371 0.10492 0.10188 -0.36734 0.0012587 -0.0072702 -0.48882 0.00077774 -0.012028 -0.6219 -0.015614 -0.023282 0.084857 -0.005351 1.3211e-05 -0.067536 -0.012712 -0.004025 -0.87759 -0.025769 -0.027779 
-0.035938 -0.001142 -0.00078888 -0.012267 -0.00087973 -0.00011281 -0.0055891 -0.00046336 -0.00012192 -0.019562 -0.00062738 -0.00062591 -0.019217 -0.00042456 -0.00044549 -0.0069809 -0.00056165 0.00012223 0.025403 0.00097729 0.00090282 0.038578 0.00148 0.0012421 0.10492 0.0049775 0.0033957 -0.010662 -0.00028027 -0.00029968 -0.016001 -0.00039211 -0.00059014 -0.01565 -0.0011583 -0.00079437 0.0057323 0.00010226 0.00012118 -0.0014337 -0.00032539 -4.4301e-05 -0.02765 -0.00069981 -0.00069364 
-0.034689 -0.00057584 -0.00086902 -0.039953 -0.0012459 -0.0010946 -0.021098 -0.00040105 -0.00066184 -0.030625 -0.0010829 -0.0011584 -0.0025498 0.00018053 -0.00020582 0.0079615 0.00035062 0.0003426 0.024354 0.00038563 0.0008552 0.037566 0.00085374 0.0012461 0.10188 0.0033957 0.0034727 -0.010555 -1.7026e-05 -0.00026049 -0.015288 -4.6117e-05 -0.00047913 -0.014428 -0.00038062 -0.00075241 0.0031012 -0.00013016 1.5715e-05 -0.00016303 -0.00033603 -3.6983e-06 -0.026376 -0.00064738 -0.00073484 
0.33475 0.007796 0.013536 0.49376 0.020525 0.019223 0.60955 0.024233 0.022315 -0.37758 -0.011876 -0.014777 0.011661 -0.0049557 -0.0037727 0.27777 0.0076993 0.0031996 -0.19948 -0.0094446 -0.0067518 -0.18328 -0.0054802 -0.0068262 -0.36734 -0.010662 -0.010555 0.82577 0.03135 0.026968 0.43382 0.017483 0.012675 0.38139 0.016949 0.011784 -0.4849 -0.018282 -0.016417 -0.37505 -0.013996 -0.01081 -0.12506 -0.0062583 -0.0052155 
-0.007184 -6.8815e-05 -8.5468e-06 -0.0094883 9.347e-05 -0.00010794 -0.00026492 0.00043054 0.00021803 -0.017644 -0.00074726 -0.00091929 0.0066199 -0.00032411 -0.00019717 0.017493 0.00039113 0.00012982 -0.0061641 -0.00077256 -0.00024681 7.4751e-05 -0.00031756 -5.9369e-05 0.0012587 -0.00028027 -1.7026e-05 0.03135 0.0017109 0.0011963 0.0153 0.00097773 0.00056088 0.00689 0.00063024 0.00030098 -0.016253 -0.00088332 -0.00069761 -0.015377 -0.00080994 -0.00054954 -0.00010374 -0.0002148 -0.00011605 
-0.0013466 -1.8928e-06 0.00015937 0.0035394 0.00039073 0.00031831 0.010474 0.0006252 0.00052217 -0.0076698 -0.00027198 -0.00049423 0.0068174 -0.00012407 -5.462e-05 0.016107 0.00035967 0.00016368 -0.0078017 -0.00052469 -0.00031407 -0.0042306 -0.00017924 -0.0002033 -0.0072702 -0.00029968 -0.00026049 0.026968 0.0011963 0.0010615 0.015402 0.00069303 0.00053406 0.01057 0.00051509 0.00038971 -0.01123 -0.00054465 -0.00054122 -0.011854 -0.00051451 -0.00041102 -0.0034778 -0.00020798 -0.00018075 
0.48671 0.0098738 0.014777 0.79696 0.015864 0.023017 0.63495 0.016336 0.019602 0.35666 0.013987 0.01141 -0.25461 -0.0065126 -0.0058568 0.035598 -0.0037779 0.0025332 -0.44801 -0.015676 -0.014218 -0.42553 -0.008276 -0.012527 -0.48882 -0.016001 -0.015288 0.43382 0.0153 0.015402 1.0831 0.030072 0.0327 0.42703 0.016992 0.012686 -0.25672 -0.0088207 -0.0097657 -0.43644 -0.0073745 -0.013573 -0.35915 -0.012044 -0.013877 
-0.02111 -0.00019467 -0.0004004 -0.028049 -0.00041812 -0.00068858 -0.005567 0.00045209 1.9053e-05 -0.0014952 -0.0001203 -0.00034737 0.017769 0.00021972 0.00027679 0.021391 0.00036544 0.00053853 -0.012376 -0.0011217 -0.00045249 -0.0063497 -0.00086857 -0.00030912 0.00077774 -0.00039211 -4.6117e-05 0.017483 0.00097773 0.00069303 0.030072 0.001887 0.001241 0.0031319 0.00034553 0.00019065 -0.008668 -0.00052871 -0.00041969 -0.010483 -0.00067716 -0.000592 -0.010745 -0.00044524 -0.00047433 
0.001077 2.1778e-05 0.00016508 -0.0015189 -0.00016587 0.0001185 1.746e-05 1.02e-05 0.00018903 0.010715 0.00034071 0.00018283 0.0042992 0.00013992 -3.4277e-05 0.013547 0.00022542 0.00027595 -0.013738 -0.00072397 -0.00050005 -0.013276 -0.00054931 -0.00053467 -0.012028 -0.00059014 -0.00047913 0.012675 0.00056088 0.00053406 0.0327 0.001241 0.0013486 0.0078492 0.00045997 0.00036155 -0.006139 -0.00023251 -0.00030503 -0.0095867 -0.00033594 -0.00057089 -0.008939 -0.00035889 -0.00044245 
0.63555 0.016478 0.018626 1.092 0.032802 0.032673 1.302 0.039408 0.040724 0.014159 -0.0037126 0.0024276 -0.5484 -0.019227 -0.014737 -0.86268 -0.024401 -0.024293 -0.4662 -0.011251 -0.014696 -0.61888 -0.0052324 -0.017472 -0.6219 -0.01565 -0.014428 0.38139 0.00689 0.01057 0.42703 0.0031319 0.0078492 1.7279 0.056121 0.049709 -0.11627 -0.0029223 -0.0023969 -0.12362 0.0013455 0.0010912 -0.6146 -0.018318 -0.018332 
0.015971 0.00083622 0.00048966 0.013359 0.0008322 0.00054249 0.023362 0.0015778 0.00089595 0.00041936 -0.00042916 -0.00012585 -0.012094 -0.00041539 -0.00059184 -0.00088756 -0.00051572 -0.00024784 -0.013638 -0.00070471 -0.00041727 -0.01678 -0.00041562 -0.00053367 -0.015614 -0.0011583 -0.00038062 0.016949 0.00063024 0.00051509 0.016992 0.00034553 0.00045997 0.056121 0.0034126 0.001832 -0.010339 -0.0004932 -0.00034117 -0.007336 -0.00023515 -0.00013571 -0.025075 -0.0015316 -0.00098183 
0.013186 0.00043155 0.00046365 0.021097 0.00077865 0.00074582 0.024446 0.00090915 0.00092953 0.006461 -2.1586e-05 6.4294e-05 -0.0097018 -0.00046065 -0.00049717 -0.011016 -0.00032403 -0.00052433 -0.016202 -0.0004813 -0.00054987 -0.019436 -0.00029922 -0.00061456 -0.023282 -0.00079437 -0.00075241 0.011784 0.00030098 0.00038971 0.012686 0.00019065 0.00036155 0.049709 0.001832 0.0017416 -0.0042116 -0.00015595 -0.00013528 -0.0019702 2.8037e-05 3.2673e-05 -0.012736 -0.000578 -0.0005281 
-0.60342 -0.013359 -0.020034 -0.27298 -0.0099852 -0.012275 -0.0054094 -0.00042449 -0.0016842 0.47859 0.0085444 0.010367 -0.020328 -0.003036 -0.00192 -0.31828 -0.011638 -0.0066747 -0.56057 -0.02012 -0.01677 -0.12546 -0.0024574 -0.002423 0.084857 0.0057323 0.0031012 -0.4849 -0.016253 -0.01123 -0.25672 -0.008668 -0.006139 -0.11627 -0.010339 -0.0042116 1.0104 0.034346 0.031009 0.39653 0.015048 0.013626 0.091363 0.01024 0.0073741 
-0.0035471 -0.00023061 -0.00022814 0.0052907 -0.00013358 3.4223e-05 0.019997 0.00025241 0.00050511 0.012908 0.00035051 0.00037861 -0.0092264 -0.00019572 -0.00023502 -0.016628 -0.00042224 -0.00025307 -0.018246 -0.00055225 -0.00046134 -0.0039837 0.00016457 -0.00010155 -0.005351 0.00010226 -0.00013016 -0.018282 -0.00088332 -0.00054465 -0.0088207 -0.00052871 -0.00023251 -0.0029223 -0.0004932 -0.00015595 0.034346 0.0016364 0.0011522 0.015061 0.00060065 0.000548 0.0064736 0.00067578 0.00036125 
-0.0064512 -5.0085e-05 -0.00033 0.0036117 -8.8207e-07 -6.8679e-05 0.0091934 0.00021532 0.00019033 0.010169 3.435e-05 0.0002618 -0.0043322 -6.8132e-05 -0.00010408 -0.019381 -0.00054535 -0.00039459 -0.018552 -0.0004554 -0.00054092 -0.0063888 -6.9028e-05 -0.00012488 1.3211e-05 0.00012118 1.5715e-05 -0.016417 -0.00069761 -0.00054122 -0.0097657 -0.00041969 -0.00030503 -0.0023969 -0.00034117 -0.00013528 0.031009 0.0011522 0.0011697 0.014945 0.00063678 0.00061747 0.0032868 0.00042718 0.00028276 
-0.25467 -0.0083152 -0.011971 -1.126 -0.028381 -0.036382 -0.33027 -0.0058673 -0.0095432 0.097391 -0.0013547 0.0021 0.069503 -0.0034013 -0.0034631 -0.13947 -0.0077059 -0.0060971 0.046108 0.0083115 0.0024764 -0.59995 -0.022214 -0.017445 -0.067536 -0.0014337 -0.00016303 -0.37505 -0.015377 -0.011854 -0.43644 -0.010483 -0.0095867 -0.12362 -0.007336 -0.0019702 0.39653 0.015061 0.014945 1.3009 0.039604 0.041842 0.396 0.015467 0.01424 
0.0088471 2.3898e-05 5.1095e-05 -0.0032018 -0.00038451 -0.00026244 0.0065814 0.00018352 0.00018266 0.0052492 9.1106e-05 0.00036903 -0.015814 -0.00024516 -0.0004229 -0.027069 -0.00095943 -0.00076627 0.00013767 0.00060014 2.9382e-05 -0.023432 -0.00074993 -0.0006271 -0.012712 -0.00032539 -0.00033603 -0.013996 -0.00080994 -0.00051451 -0.0073745 -0.00067716 -0.00033594 0.0013455 -0.00023515 2.8037e-05 0.015048 0.00060065 0.00063678 0.039604 0.002175 0.0015753 0.012012 0.00052301 0.00052515 
0.0053604 0.00012444 -4.2157e-05 -0.014149 -0.00029287 -0.00064805 0.0065951 0.00041498 0.00010543 0.0019194 -0.00018239 9.9821e-05 -0.010639 -0.00056738 -0.0004382 -0.016329 -0.00063235 -0.00047108 -0.0017364 0.00038403 1.7191e-05 -0.020608 -0.00055527 -0.00052495 -0.004025 -4.4301e-05 -3.6983e-06 -0.01081 -0.00054954 -0.00041102 -0.013573 -0.000592 -0.00057089 0.0010912 -0.00013571 3.2673e-05 0.013626 0.000548 0.00061747 0.041842 0.0015753 0.0017255 0.012348 0.00056475 0.00052955 
-0.25846 -0.0073492 -0.010156 -0.50203 -0.00442 -0.015486 -1.2743 -0.042208 -0.039685 0.17451 0.0061006 0.0070131 0.17775 -0.00051309 -0.00082292 0.29347 0.0049035 0.0012755 0.18968 0.0014145 0.004976 -0.15599 -0.012503 -0.0043446 -0.87759 -0.02765 -0.026376 -0.12506 -0.00010374 -0.0034778 -0.35915 -0.010745 -0.008939 -0.6146 -0.025075 -0.012736 0.091363 0.0064736 0.0032868 0.396 0.012012 0.012348 1.9665 0.068883 0.06271 
-0.0084474 -0.00057371 -0.00032218 0.0014719 -3.352e-05 -0.00016481 -0.029169 -0.0018319 -0.0011084 -0.00042001 0.00011529 0.00023588 -0.003833 -0.00044217 -0.00022343 -0.014614 -0.00022332 -0.00041998 -0.00021924 7.6129e-05 1.9787e-06 -0.0081839 -0.0002537 -0.00015734 -0.025769 -0.00069981 -0.00064738 -0.0062583 -0.0002148 -0.00020798 -0.012044 -0.00044524 -0.00035889 -0.018318 -0.0015316 -0.000578 0.01024 0.00067578 0.00042718 0.015467 0.00052301 0.00056475 0.068883 0.0038292 0.0024165 
-0.0048671 -0.00019297 -0.00027148 -0.0053358 0.00014853 -0.00027533 -0.027716 -0.0010464 -0.0010134 0.0046258 0.00018305 0.0002752 0.0028608 -0.0001439 -1.4753e-05 -0.00033393 -0.00016172 -0.00015222 0.0047137 7.8851e-05 0.00013741 -0.0052874 -0.000361 -0.00010758 -0.027779 -0.00069364 -0.00073484 -0.0052155 -0.00011605 -0.00018075 -0.013877 -0.00047433 -0.00044245 -0.018332 -0.00098183 -0.0005281 0.0073741 0.00036125 0.00028276 0.01424 0.00052515 0.00052955 0.06271 0.0024165 0.0022914 

COV 2
8.6453 0.28854 0.23704 4.6567 0.1457 0.1297 3.3512 0.10459 0.09215 1.172 0.03186 0.05367 0.061844 0.016427 0.011518 0.70358 0.017282 0.034166 -1.551 -0.038051 -0.04328 -0.19512 -0.015173 0.0016946 0.24182 0.023211 0.0052847 0.20872 -0.0013975 0.0024067 -0.42515 0.0020732 -0.014152 -0.39602 -0.023875 -0.014643 
0.28854 0.013352 0.0083132 0.16772 0.0078994 0.0051959 0.11838 0.0056816 0.0037565 0.042655 0.0011439 0.0021205 0.0082141 0.00023665 0.00060089 0.035653 0.00082196 0.001571 -0.053816 -0.0023196 -0.0014267 -0.010761 -0.00086113 -0.00017251 0.0058227 0.00055316 0.00015657 0.0011027 0.0001044 -0.00012969 -0.014852 0.00024878 -0.00046442 -0.02219 -0.0010807 -0.00073937 
0.23704 0.0083132 0.0070272 0.12091 0.0042004 0.0038032 0.086529 0.0030294 0.0027771 0.032143 0.00096285 0.0015831 -0.0027496 0.00021247 0.00017139 0.015569 0.00037271 0.00079671 -0.041128 -0.0010254 -0.001243 -0.0037609 -0.00032283 3.6888e-05 0.0040526 0.00060922 4.6615e-06 0.0025846 -0.00014679 -1.7568e-05 -0.013018 -0.00010401 -0.000435 -0.010673 -0.00062661 -0.000331 
4.6567 0.16772 0.12091 16.308 0.5521 0.45047 9.4979 0.32644 0.26801 1.2521 0.04444 0.0461 1.5216 0.059255 0.09051 0.2116 0.01059 0.017445 -0.23304 -0.016488 -0.0011294 -2.3157 -0.045255 -0.056382 -0.22263 -0.017581 0.013129 0.062293 0.0050865 0.0033312 -0.12814 -0.01309 -0.010904 -0.065023 -0.0023832 -0.01646 
0.1457 0.0078994 0.0042004 0.5521 0.025199 0.016054 0.30372 0.014382 0.0093122 0.058337 0.0023204 0.0022677 0.055814 0.00015717 0.0032643 -0.0031547 -0.00080693 0.00029355 -0.014974 -0.0014631 -0.00015891 -0.073559 -0.0029401 -0.0018766 -0.00068261 -0.0016727 0.00045702 -0.0041439 0.00018817 -0.00014813 -0.0093581 -5.2839e-05 -0.00052066 -0.010524 0.0002478 -0.00070233 
0.1297 0.0051959 0.0038032 0.45047 0.016054 0.013409 0.26533 0.0097191 0.0081652 0.033474 0.0012375 0.0013903 0.049446 0.0019163 0.00261 0.0048577 0.00046975 0.00037587 -0.007958 -0.00057 -0.00015424 -0.066534 -0.0015375 -0.0017869 -0.0068136 -0.00087264 0.00019121 -0.00028288 9.4876e-05 1.4943e-05 -0.0050654 -0.00038265 -0.00030968 -0.0045385 -0.00019799 -0.00054855 
3.3512 0.11838 0.086529 9.4979 0.30372 0.26533 20.528 0.68002 0.57985 1.2467 0.041382 0.043995 2.5485 0.11074 0.097786 1.1276 0.047643 0.078688 -0.41812 0.0042384 -0.0097948 -0.41845 0.0046162 -0.0040113 -2.5569 -0.027773 -0.05861 -0.23861 -0.0070803 -0.0079749 -0.41052 -0.020984 -0.020181 -0.31055 -0.04347 -0.022754 
0.10459 0.0056816 0.0030294 0.32644 0.014382 0.0097191 0.68002 0.028103 0.019838 0.033693 0.0012012 0.0014803 0.071495 0.0025569 0.0028671 0.031703 0.00015149 0.0025618 -0.014626 1.6612e-05 -0.00024545 0.00038627 4.0826e-05 0.00041343 -0.083281 -0.0023463 -0.0019133 -0.011748 -0.00028749 -0.00041666 -0.026516 -0.0010233 -0.0012102 -0.016416 -0.0013227 -0.00094171 
0.09215 0.0037565 0.0027771 0.26801 0.0093122 0.0081652 0.57985 0.019838 0.017276 0.034892 0.0012692 0.0013984 0.070974 0.0031618 0.0027503 0.036614 0.0016539 0.0022144 -0.0089458 0.00021307 -0.00022324 -0.0086604 0.00020498 -0.00010726 -0.067856 -0.00087919 -0.001679 -0.0088817 -0.00031678 -0.0002672 -0.016206 -0.00076327 -0.00067767 -0.013556 -0.0013897 -0.00073117 
1.172 0.042655 0.032143 1.2521 0.058337 0.033474 1.2467 0.033693 0.034892 2.9376 0.097056 0.080942 1.0325 0.030348 0.027797 0.26056 0.030513 0.011452 0.062734 -0.012102 0.0013245 0.30189 0.014071 0.016253 0.31245 0.0051687 0.014381 -0.51626 -0.0070053 -0.014952 -0.45374 -0.011398 -0.015831 0.065715 0.0017932 -0.0010525 
0.03186 0.0011439 0.00096285 0.04444 0.0023204 0.0012375 0.041382 0.0012012 0.0012692 0.097056 0.0049244 0.0026732 0.036673 0.0014554 0.0009325 0.0031422 0.0011223 0.00018626 -0.0083234 -0.00087043 -0.00029706 0.0072412 0.0002658 0.00036926 0.021616 0.00013633 0.00077986 -0.02075 -0.00084916 -0.00055393 -0.015665 -0.00048016 -0.00056361 0.011456 0.0004223 0.00031381 
0.05367 0.0021205 0.0015831 0.0461 0.0022677 0.0013903 0.043995 0.0014803 0.0013984 0.080942 0.0026732 0.0024819 0.034208 0.0010494 0.00089915 0.013651 0.0010039 0.00046417 -0.00015932 -0.00033587 -2.4962e-07 0.0084146 0.00036114 0.00043365 0.014665 0.00040005 0.00052795 -0.0090251 -1.6755e-05 -0.00031492 -0.017167 -0.00047937 -0.00055263 0.0019046 5.8746e-06 6.5985e-06 
0.061844 0.0082141 -0.0027496 1.5216 0.055814 0.049446 2.5485 0.071495 0.070974 1.0325 0.036673 0.034208 7.0452 0.24128 0.20824 2.2287 0.10783 0.072014 -0.3502 -0.020537 -0.007245 0.38051 0.0049538 0.012258 0.24502 0.0045132 0.016888 -0.045819 9.4961e-05 -0.0028974 -1.3601 -0.036027 -0.034935 -0.31351 -0.021241 -0.011191 
0.016427 0.00023665 0.00021247 0.059255 0.00015717 0.0019163 0.11074 0.0025569 0.0031618 0.030348 0.0014554 0.0010494 0.24128 0.011741 0.0072447 0.094543 0.0057807 0.0029637 -0.010908 -0.0005118 -0.00016009 0.0099657 0.00018479 0.00040089 0.0041233 -2.0458e-05 0.00064305 0.0028738 7.2583e-05 6.6823e-05 -0.040786 -0.0021142 -0.0010816 -0.00080731 -0.00054842 -0.0001797 
0.011518 0.00060089 0.00017139 0.09051 0.0032643 0.00261 0.097786 0.0028671 0.0027503 0.027797 0.0009325 0.00089915 0.20824 0.0072447 0.0067129 0.067252 0.0033237 0.0022338 -0.016391 -0.00085343 -0.00032719 0.010162 0.00037556 0.00036734 0.0016691 -0.00019097 0.00034625 0.00080004 0.0001676 1.0377e-05 -0.039811 -0.0012455 -0.0011402 -0.0081323 -0.00049831 -0.00031063 
0.70358 0.035653 0.015569 0.2116 -0.0031547 0.0048577 1.1276 0.031703 0.036614 0.26056 0.0031422 0.013651 2.2287 0.094543 0.067252 7.6018 0.26273 0.2231 -0.49592 -0.014518 -0.018593 0.34193 0.00936 0.0088265 0.13487 -0.011865 0.0035912 -0.11757 -0.0070797 -0.0053044 -0.43529 -0.015461 -0.015101 -1.0952 -0.022796 -0.029811 
0.017282 0.00082196 0.00037271 0.01059 -0.00080693 0.00046975 0.047643 0.00015149 0.0016539 0.030513 0.0011223 0.0010039 0.10783 0.0057807 0.0033237 0.26273 0.012283 0.0077992 -0.013602 -0.00034495 -0.00053661 0.006223 0.00044994 4.7365e-05 0.0071518 -0.00047654 0.00027413 -0.0020615 -2.6543e-05 -4.4987e-05 -0.0091566 -0.0008841 -0.0003426 -0.038024 -0.0015031 -0.0011031 
0.034166 0.001571 0.00079671 0.017445 0.00029355 0.00037587 0.078688 0.0025618 0.0022144 0.011452 0.00018626 0.00046417 0.072014 0.0029637 0.0022338 0.2231 0.0077992 0.0070903 -0.01753 -0.00039416 -0.0006607 0.0092362 0.00027886 0.00025635 -0.0012987 -0.0002984 -2.9832e-05 -0.0034773 -0.00019697 -0.00011171 -0.014786 -0.00057309 -0.00052028 -0.028978 -0.00065905 -0.00087885 
-1.551 -0.053816 -0.041128 -0.23304 -0.014974 -0.007958 -0.41812 -0.014626 -0.0089458 0.062734 -0.0083234 -0.00015932 -0.3502 -0.010908 -0.016391 -0.49592 -0.013602 -0.01753 1.1452 0.044636 0.035451 0.12312 0.0057673 0.002295 -0.019688 0.0064265 0.001392 -0.025413 -0.0017816 -0.00060454 0.17272 0.0073867 0.0091606 0.10025 0.0032068 0.0036252 
-0.038051 -0.0023196 -0.0010254 -0.016488 -0.0014631 -0.00057 0.0042384 1.6612e-05 0.00021307 -0.012102 -0.00087043 -0.00033587 -0.020537 -0.0005118 -0.00085343 -0.014518 -0.00034495 -0.00039416 0.044636 0.0026837 0.0014938 0.012706 0.00063661 0.00037292 -0.0062655 0.00029078 -0.00010081 0.0062445 -0.00016984 0.00016281 0.0042345 0.00014409 0.00030236 0.0037985 -7.6921e-05 5.7387e-05 
-0.04328 -0.0014267 -0.001243 -0.0011294 -0.00015891 -0.00015424 -0.0097948 -0.00024545 -0.00022324 0.0013245 -0.00029706 -2.4962e-07 -0.007245 -0.00016009 -0.00032719 -0.018593 -0.00053661 -0.0006607 0.035451 0.0014938 0.0012956 0.0048912 0.00029055 0.0002044 -0.0053296 -4.3049e-05 -6.9971e-05 0.003106 7.3316e-05 5.7144e-05 0.0060456 0.00026243 0.00028437 0.0040681 0.00011917 0.00011818 
-0.19512 -0.010761 -0.0037609 -2.3157 -0.073559 -0.066534 -0.41845 0.00038627 -0.0086604 0.30189 0.0072412 0.0084146 0.38051 0.0099657 0.010162 0.34193 0.006223 0.0092362 0.12312 0.012706 0.0048912 2.1959 0.077018 0.067356 0.17304 0.014836 0.0056226 0.086005 -0.0026414 0.00025341 0.15472 0.0025018 0.0059068 0.090472 -0.010926 0.0062444 
-0.015173 -0.00086113 -0.00032283 -0.045255 -0.0029401 -0.0015375 0.0046162 4.0826e-05 0.00020498 0.014071 0.0002658 0.00036114 0.0049538 0.00018479 0.00037556 0.00936 0.00044994 0.00027886 0.0057673 0.00063661 0.00029055 0.077018 0.0043401 0.0025689 0.0074164 0.00076388 0.00022921 0.0072468 0.00014674 0.0001009 0.0075871 -0.00054707 0.00011414 -0.0046464 -0.00086737 -9.7644e-05 
0.0016946 -0.00017251 3.6888e-05 -0.056382 -0.0018766 -0.0017869 -0.0040113 0.00041343 -0.00010726 0.016253 0.00036926 0.00043365 0.012258 0.00040089 0.00036734 0.0088265 4.7365e-05 0.00025635 0.002295 0.00037292 0.0002044 0.067356 0.0025689 0.0024084 0.0057901 0.00053799 0.00035302 0.0051356 4.427e-05 6.7194e-05 0.0084611 0.00012287 0.00017039 0.00057822 -0.00043291 5.8147e-05 
0.24182 0.0058227 0.0040526 -0.22263 -0.00068261 -0.0068136 -2.5569 -0.083281 -0.067856 0.31245 0.021616 0.014665 0.24502 0.0041233 0.0016691 0.13487 0.0071518 -0.0012987 -0.019688 -0.0062655 -0.0053296 0.17304 0.0074164 0.0057901 2.6201 0.086878 0.077373 0.11613 -0.0012545 0.0011861 0.057508 0.0034181 0.0044231 0.094451 0.0041414 0.0033954 
0.023211 0.00055316 0.00060922 -0.017581 -0.0016727 -0.00087264 -0.027773 -0.0023463 -0.00087919 0.0051687 0.00013633 0.00040005 0.0045132 -2.0458e-05 -0.00019097 -0.011865 -0.00047654 -0.0002984 0.0064265 0.00029078 -4.3049e-05 0.014836 0.00076388 0.00053799 0.086878 0.0047462 0.0027373 0.0025715 -0.00013471 -3.0082e-05 0.0057631 0.0001958 0.00029034 0.0069115 -0.00044882 0.00017534 
0.0052847 0.00015657 4.6615e-06 0.013129 0.00045702 0.00019121 -0.05861 -0.0019133 -0.001679 0.014381 0.00077986 0.00052795 0.016888 0.00064305 0.00034625 0.0035912 0.00027413 -2.9832e-05 0.001392 -0.00010081 -6.9971e-05 0.0056226 0.00022921 0.00035302 0.077373 0.0027373 0.0026599 0.0052347 -1.8746e-05 0.00011625 0.0016158 9.806e-05 0.00010174 0.0058974 0.00018297 8.8897e-05 
0.20872 0.0011027 0.0025846 0.062293 -0.0041439 -0.00028288 -0.23861 -0.011748 -0.0088817 -0.51626 -0.02075 -0.0090251 -0.045819 0.0028738 0.00080004 -0.11757 -0.0020615 -0.0034773 -0.025413 0.0062445 0.003106 0.086005 0.0072468 0.0051356 0.11613 0.0025715 0.0052347 0.70236 0.023251 0.019128 0.080731 -0.000945 0.0022541 0.13463 0.0051398 0.0042248 
-0.0013975 0.0001044 -0.00014679 0.0050865 0.00018817 9.4876e-05 -0.0070803 -0.00028749 -0.00031678 -0.0070053 -0.00084916 -1.6755e-05 9.4961e-05 7.2583e-05 0.0001676 -0.0070797 -2.6543e-05 -0.00019697 -0.0017816 -0.00016984 7.3316e-05 -0.0026414 0.00014674 4.427e-05 -0.0012545 -0.00013471 -1.8746e-05 0.023251 0.0013084 0.00064481 0.0030953 -0.00015474 3.2249e-05 0.008261 0.00027488 0.00026279 
0.0024067 -0.00012969 -1.7568e-05 0.0033312 -0.00014813 1.4943e-05 -0.0079749 -0.00041666 -0.0002672 -0.014952 -0.00055393 -0.00031492 -0.0028974 6.6823e-05 1.0377e-05 -0.0053044 -4.4987e-05 -0.00011171 -0.00060454 0.00016281 5.7144e-05 0.00025341 0.0001009 6.7194e-05 0.0011861 -3.0082e-05 0.00011625 0.019128 0.00064481 0.00060773 0.0013218 -4.3175e-05 5.5898e-05 0.0063138 0.00026773 0.00020701 
-0.42515 -0.014852 -0.013018 -0.12814 -0.0093581 -0.0050654 -0.41052 -0.026516 -0.016206 -0.45374 -0.015665 -0.017167 -1.3601 -0.040786 -0.039811 -0.43529 -0.0091566 -0.014786 0.17272 0.0042345 0.0060456 0.15472 0.0075871 0.0084611 0.057508 0.0057631 0.0016158 0.080731 0.0030953 0.0013218 1.1554 0.033913 0.034335 0.10986 0.001453 0.003035 
0.0020732 0.00024878 -0.00010401 -0.01309 -5.2839e-05 -0.00038265 -0.020984 -0.0010233 -0.00076327 -0.011398 -0.00048016 -0.00047937 -0.036027 -0.0021142 -0.0012455 -0.015461 -0.0008841 -0.00057309 0.0073867 0.00014409 0.00026243 0.0025018 -0.00054707 0.00012287 0.0034181 0.0001958 9.806e-05 -0.000945 -0.00015474 -4.3175e-05 0.033913 0.0021084 0.0011346 0.0032273 0.00016473 0.00014383 
-0.014152 -0.00046442 -0.000435 -0.010904 -0.00052066 -0.00030968 -0.020181 -0.0012102 -0.00067767 -0.015831 -0.00056361 -0.00055263 -0.034935 -0.0010816 -0.0011402 -0.015101 -0.0003426 -0.00052028 0.0091606 0.00030236 0.00028437 0.0059068 0.00011414 0.00017039 0.0044231 0.00029034 0.00010174 0.0022541 3.2249e-05 5.5898e-05 0.034335 0.0011346 0.001198 0.0058636 0.00015993 0.00020444 
-0.39602 -0.02219 -0.010673 -0.065023 -0.010524 -0.0045385 -0.31055 -0.016416 -0.013556 0.065715 0.011456 0.0019046 -0.31351 -0.00080731 -0.0081323 -1.0952 -0.038024 -0.028978 0.10025 0.0037985 0.0040681 0.090472 -0.0046464 0.00057822 0.094451 0.0069115 0.0058974 0.13463 0.008261 0.0063138 0.10986 0.0032273 0.0058636 1.3782 0.046943 0.040576 
-0.023875 -0.0010807 -0.00062661 -0.0023832 0.0002478 -0.00019799 -0.04347 -0.0013227 -0.0013897 0.0017932 0.0004223 5.8746e-06 -0.021241 -0.00054842 -0.00049831 -0.022796 -0.0015031 -0.00065905 0.0032068 -7.6921e-05 0.00011917 -0.010926 -0.00086737 -0.00043291 0.0041414 -0.00044882 0.00018297 0.0051398 0.00027488 0.00026773 0.001453 0.00016473 0.00015993 0.046943 0.0026651 0.0014425 
-0.014643 -0.00073937 -0.000331 -0.01646 -0.00070233 -0.00054855 -0.022754 -0.00094171 -0.00073117 -0.0010525 0.00031381 6.5985e-06 -0.011191 -0.0001797 -0.00031063 -0.029811 -0.0011031 -0.00087885 0.0036252 5.7387e-05 0.00011818 0.0062444 -9.7644e-05 5.8147e-05 0.0033954 0.00017534 8.8897e-05 0.0042248 0.00026279 0.00020701 0.003035 0.00014383 0.00020444 0.040576 0.0014425 0.0013616 

RCOV
15.41700 	0.53128 	0.46778 	0.00000 	0.00000 	0.00000 	0.00000 	0.00000 	0.00000 
0.53128 	0.04558 	0.01727 	0.00000 	0.00000 	0.00000 	0.00000 	0.00000 	0.00000 
0.46778 	0.01727 	0.01723 	0.00000 	0.00000 	0.00000 	0.00000 	0.00000 	0.00000 
0.00000 	0.00000 	0.00000 	24.02400 	0.78698 	0.72039 	0.00000 	0.00000 	0.00000 
0.00000 	0.00000 	0.00000 	0.78698 	0.06603 	0.02582 	0.00000 	0.00000 	0.00000 
0.00000 	0.00000 	0.00000 	0.72039 	0.02582 	0.02624 	0.00000 	0.00000 	0.00000 
0.00000 	0.00000 	0.00000 	0.00000 	0.00000 	0.00000 	23.74500 	0.77461 	0.70830 
0.00000 	0.00000 	0.00000 	0.00000 	0.00000 	0.00000 	0.77461 	0.07005 	0.02538 
0.00000 	0.00000 	0.00000 	0.00000 	0.00000 	0.00000 	0.70830 	0.02538 	0.02590 


COVFILE 1 PED ped.txt 0 0
