1 1 2 2 0 43.9615
1 1 2 3 0 26.2066
1 1 2 4 0 15.3291
1 1 2 5 0 29.9283
1 1 2 6 0 29.0748
1 2 3 2 0 25.3714
1 2 3 1 0 22.4129
1 3 4 0 0 2.74602
1 4 1 192243 0 2.50189
1 4 1 192242 0 5.17704
1 4 1 192246 0 5.5205
1 4 1 192241 0 1.09062
1 4 1 192251 0 -2.72091
1 4 1 192245 0 -0.208071
1 4 1 192247 0 6.36888
1 4 1 192250 0 -4.9366
1 4 1 192249 0 7.87372
1 4 1 192248 0 1.00524
1 4 1 192259 0 -0.294281
1 4 1 192252 0 3.36723
1 4 1 192256 0 8.12234
1 4 1 192260 0 5.10741
1 4 1 192258 0 -0.28652
1 4 1 192257 0 1.84107
1 4 1 192254 0 3.37893
1 4 1 192255 0 3.77125
1 4 1 192253 0 2.36323
1 4 1 192268 0 1.85354
1 4 1 192266 0 -3.24048
1 4 1 192269 0 3.29576
1 4 1 192272 0 -0.47342
1 4 1 192274 0 -10.7039
1 4 1 192340 0 -1.28971
1 4 1 192262 0 0.900506
1 4 1 192295 0 3.46236
1 4 1 192327 0 6.89243
1 4 1 192357 0 0.547456
1 4 1 192264 0 -3.60143
1 4 1 192402 0 -5.79653
1 4 1 192261 0 -5.8562
1 4 1 192263 0 -8.51707
1 4 1 192276 0 -3.11563
1 4 1 192275 0 1.46976
1 4 1 192279 0 1.06845
1 4 1 192283 0 -2.57342
1 4 1 192282 0 -5.17358
1 4 1 192287 0 -12.9344
1 4 1 192285 0 -2.53857
1 4 1 192278 0 1.35823
1 4 1 192284 0 0.740674
1 4 1 192288 0 0.651369
1 4 1 192286 0 -2.39745
1 4 1 192641 0 0.712075
1 4 1 192401 0 1.52248
1 4 1 192289 0 0.238748
1 4 1 192291 0 0.155886
1 4 1 192292 0 -3.56855
1 4 1 192294 0 -7.28064
1 4 1 192293 0 -3.43729
1 4 1 192297 0 -1.08895
1 4 1 192296 0 1.17919
1 4 1 192303 0 1.67817
1 4 1 192300 0 -2.38901
1 4 1 192302 0 -3.75458
1 4 1 192299 0 -4.06205
1 4 1 192301 0 1.37263
1 4 1 192298 0 -3.97062
1 4 1 192304 0 1.53529
1 4 1 192307 0 -1.6773
1 4 1 192308 0 1.99744
1 4 1 192306 0 -1.84755
1 4 1 192309 0 0.0352676
1 4 1 192316 0 -3.20583
1 4 1 192312 0 -8.21387
1 4 1 192317 0 3.58632
1 4 1 192313 0 -2.23652
1 4 1 192323 0 0.588627
1 4 1 192329 0 -4.3732
1 4 1 192526 0 -1.61671
1 4 1 192281 0 -1.57834
1 4 1 192310 0 6.72624
1 4 1 192315 0 2.45002
1 4 1 192314 0 2.85178
1 4 1 192311 0 6.78912
1 4 1 192320 0 1.81209
1 4 1 192319 0 4.3336
1 4 1 192318 0 0.956716
1 4 1 192325 0 2.27192
1 4 1 192322 0 -2.46014
1 4 1 192324 0 -2.57307
1 4 1 192326 0 -2.20862
1 4 1 192321 0 4.25695
1 4 1 192328 0 3.26769
1 4 1 192331 0 -0.708644
1 4 1 192333 0 0.527299
1 4 1 192334 0 3.89137
1 4 1 192376 0 -4.56966
1 4 1 192391 0 3.143
1 4 1 192305 0 4.51711
1 4 1 192336 0 8.2187
1 4 1 192338 0 5.07276
1 4 1 192339 0 0.994902
1 4 1 192337 0 6.2526
1 4 1 192342 0 1.06589
1 4 1 192348 0 2.73529
1 4 1 192345 0 -5.54537
1 4 1 192344 0 -4.52195
1 4 1 192346 0 -3.52635
1 4 1 192349 0 -4.86734
1 4 1 192347 0 0.142918
1 4 1 192352 0 -4.10189
1 4 1 192353 0 2.29351
1 4 1 192355 0 -6.56079
1 4 1 192354 0 2.65269
1 4 1 192350 0 -2.07066
1 4 1 192358 0 -5.46796
1 4 1 192359 0 -3.0999
1 4 1 192383 0 -0.927237
1 4 1 192351 0 1.77408
1 4 1 192382 0 -3.93979
1 4 1 192384 0 1.8202
1 4 1 192362 0 0.232745
1 4 1 192364 0 -0.429489
1 4 1 192365 0 0.625278
1 4 1 192360 0 4.68068
1 4 1 192367 0 5.16518
1 4 1 192363 0 -2.19609
1 4 1 192372 0 4.26833
1 4 1 192371 0 -4.38085
1 4 1 192368 0 -4.6311
1 4 1 192377 0 -6.02338
1 4 1 192379 0 3.35409
1 4 1 192378 0 -0.126178
1 4 1 192375 0 1.85504
1 4 1 192374 0 6.92823
1 4 1 192385 0 7.37147
1 4 1 192277 0 0.112877
1 4 1 192361 0 -2.57839
1 4 1 192380 0 0.703441
1 4 1 192388 0 -0.774224
1 4 1 192387 0 9.37474
1 4 1 192386 0 -1.72801
1 4 1 192389 0 -4.93596
1 4 1 192390 0 4.94964
1 4 1 192393 0 -5.60655
1 4 1 192392 0 -5.88758
1 4 1 192395 0 -3.52913
1 4 1 192400 0 1.3109
1 4 1 192398 0 5.24663
1 4 1 192399 0 0.392668
1 4 1 192666 0 0.422377
1 4 1 192403 0 -1.57127
1 4 1 192410 0 5.04167
1 4 1 192412 0 4.25297
1 4 1 192404 0 2.93153
1 4 1 192407 0 -1.65143
1 4 1 192405 0 -2.17751
1 4 1 192409 0 -8.76686
1 4 1 192408 0 2.75044
1 4 1 192406 0 -6.85715
1 4 1 192414 0 1.33309
1 4 1 192413 0 0.307184
1 4 1 192416 0 10.1024
1 4 1 192417 0 -1.36579
1 4 1 192415 0 -5.28687
1 4 1 192418 0 1.33741
1 4 1 192426 0 -5.85699
1 4 1 192424 0 5.87857
1 4 1 192423 0 -1.39487
1 4 1 192425 0 2.97707
1 4 1 192555 0 -7.774
1 4 1 192427 0 -3.15745
1 4 1 192428 0 0.473459
1 4 1 192431 0 -9.50271
1 4 1 192430 0 -2.05708
1 4 1 181 0 5.00488
1 4 1 4007 0 -7.7997e-05
1 4 1 192240 0 3.56551
1 4 1 3980 0 7.13038
1 4 1 3762 0 0.000893491
1 4 1 4010 0 1.07479
1 4 1 4899 0 1.30376
1 4 1 847 0 2.9308
1 4 1 3525 0 -0.249866
1 4 1 4597 0 -10.08
1 4 1 4204 0 1.54547
1 4 1 3920 0 -2.3162
1 4 1 3588 0 0.633171
1 4 1 4341 0 1.86934
1 4 1 4464 0 0.0683562
1 4 1 184 0 2.87259
1 4 1 3986 0 -1.70641
1 4 1 4395 0 1.15749
1 4 1 4076 0 -0.581463
1 4 1 3987 0 1.26788
1 4 1 188 0 4.01682
1 4 1 67 0 4.07589
1 4 1 4931 0 2.06595
1 4 1 3962 0 3.16841
1 4 1 3179 0 -0.111624
1 4 1 3056 0 1.27569
1 4 1 3988 0 0.137597
1 4 1 3884 0 2.34737
1 4 1 576 0 -1.9416
1 4 1 582 0 1.88305
1 4 1 3555 0 -1.38844
1 4 1 4215 0 1.8119
1 4 1 3917 0 -1.9841
1 4 1 3236 0 -3.77655
1 4 1 4397 0 -3.96842
1 4 1 3175 0 0.46284
1 4 1 3940 0 -0.376578
1 4 1 4128 0 3.63099
1 4 1 584 0 2.21849
1 4 1 4894 0 1.6877
1 4 1 39536 0 -3.37788
1 4 1 3961 0 -3.217
1 4 1 3677 0 -3.13225
1 4 1 3841 0 -4.90617
1 4 1 3155 0 -0.754316
1 4 1 3310 0 -0.359026
1 4 1 4835 0 1.48435
1 4 1 4485 0 -0.392837
1 4 1 3083 0 -0.0894866
1 4 1 3431 0 -5.26341
1 4 1 4532 0 -2.66918
1 4 1 3764 0 -0.0713
1 4 1 3968 0 -0.482997
1 4 1 3553 0 -0.542545
1 4 1 4417 0 -0.275545
1 4 1 4653 0 -0.864127
1 4 1 4665 0 -1.36144
1 4 1 3701 0 1.48195
1 4 1 3467 0 -0.872866
1 4 1 3846 0 -1.05627
1 4 1 3967 0 -3.53098
1 4 1 4222 0 -0.968755
1 4 1 3560 0 0.596799
1 4 1 3248 0 -0.190659
1 4 1 4066 0 2.44155
1 4 1 3918 0 -0.269895
1 4 1 4150 0 -1.18028
1 4 1 3094 0 -3.68485
1 4 1 3668 0 -0.0617142
1 4 1 3322 0 -3.62389
1 4 1 3432 0 0.0467548
1 4 1 4944 0 -0.346163
1 4 1 3763 0 -1.04482
1 4 1 4131 0 0.0910708
1 4 1 424 0 -0.953284
1 4 1 3676 0 -0.81446
1 4 1 3882 0 -2.11635
1 4 1 314 0 0.0144422
1 4 1 501 0 -1.11843
1 4 1 3434 0 -0.584367
1 4 1 505 0 -2.18688
1 4 1 3174 0 -3.06289
1 4 1 4472 0 2.81579
1 4 1 4902 0 0.656544
1 4 1 763 0 -0.475259
1 4 1 4822 0 3.54928
1 4 1 3244 0 0.231265
1 4 1 3010 0 1.91227
1 4 1 4473 0 1.40983
1 4 1 3976 0 -0.861831
1 4 1 4896 0 -0.317322
1 4 1 3435 0 -0.392603
1 4 1 3157 0 -0.700395
1 4 1 3352 0 1.86119
1 4 1 3585 0 1.20168
1 4 1 3231 0 0.85033
1 4 1 140 0 -0.625255
1 4 1 4139 0 1.25537
1 4 1 4887 0 1.11848
1 4 1 3610 0 2.0346
1 4 1 3235 0 4.50233
1 4 1 3964 0 2.04295
1 4 1 4249 0 1.4353
1 4 1 4781 0 1.79198
1 4 1 3669 0 -0.266239
1 4 1 4950 0 0.484599
1 4 1 4343 0 -2.3742
1 4 1 3912 0 -3.99149
1 4 1 3554 0 -1.02819
1 4 1 3670 0 -1.92219
1 4 1 571 0 -0.881559
1 4 1 425 0 -1.41188
1 4 1 3407 0 -0.139396
1 4 1 3458 0 -3.05114
1 4 1 3154 0 -0.60801
1 4 1 502 0 -1.03502
1 4 1 3845 0 -0.285775
1 4 1 3671 0 -0.743882
1 4 1 3654 0 0.704634
1 4 1 3180 0 -2.5483
1 4 1 4912 0 2.53621
1 4 1 131 0 1.47788
1 4 1 4917 0 -1.62527
1 4 1 4560 0 1.73957
1 4 1 4698 0 2.34038
1 4 1 4904 0 2.46663
1 4 1 3420 0 -3.84055
1 4 1 3409 0 0.469073
1 4 1 3064 0 -1.59785
1 4 1 4651 0 -1.76471
1 4 1 3590 0 -0.65608
1 4 1 585 0 0.897117
1 4 1 3098 0 -1.06096
1 4 1 3604 0 -0.431718
1 4 1 3315 0 3.64199
1 4 1 3844 0 3.93747
1 4 1 4226 0 0.847269
1 4 1 4942 0 -0.396213
1 4 1 3609 0 1.79168
1 4 1 3489 0 2.84335
1 4 1 3653 0 4.58141
1 4 1 3981 0 0.170714
1 4 1 3655 0 -1.96793
1 4 1 3607 0 0.923279
1 4 1 229 0 -0.378202
1 4 1 430 0 -5.26398
1 4 1 3066 0 -1.03003
1 4 1 4143 0 -0.464987
1 4 1 192396 0 -1.98274
1 4 1 3770 0 0.00156529
1 4 1 3680 0 2.52091
1 4 1 3558 0 1.5845
1 4 1 4624 0 0.211014
1 4 1 3984 0 0.275207
1 4 1 3312 0 2.0222
1 4 1 3985 0 0.977509
1 4 1 3664 0 0.221761
1 4 1 3095 0 1.90802
1 4 1 3721 0 -2.48484
1 4 1 3842 0 0.165431
1 4 1 3209 0 -1.21171
1 4 1 4130 0 -0.0879083
1 4 1 4316 0 0.852436
1 4 1 3087 0 4.35865
1 4 1 4419 0 0.41241
1 4 1 4555 0 -2.20165
1 4 1 3978 0 -0.447121
1 4 1 4938 0 -0.54496
1 4 1 3428 0 2.58034
1 4 1 3760 0 -2.26862
1 4 1 4971 0 3.30765
1 4 1 3461 0 -1.82294
1 4 1 3177 0 -1.45732
1 4 1 4830 0 -0.0693398
1 4 1 3089 0 -2.97544
1 4 1 227 0 1.98833
