192243 2 2 27.50 147.35 147.35
192240 3 2 26.00 -99 124.91
192242 3 2 29.50 142.78 142.78
192246 3 1 30.30 143.43 143.43
192241 3 1 36.20 147.95 147.95
192251 3 2 36.00 154.93 154.93
192245 3 2 32.00 142.20 142.20
192247 3 1 31.00 148.84 148.84
192250 3 1 29.00 123.64 123.64
192249 3 2 24.80 140.96 140.96
192248 3 1 27.10 116.08 116.08
192259 3 1 30.50 129.36 129.36
192252 3 1 31.00 143.03 143.03
192256 3 1 25.10 144.69 144.69
192260 3 2 21.10 124.27 124.27
192258 3 1 29.50 144.13 144.13
192257 3 2 29.10 132.81 132.81
192254 3 1 28.00 134.84 134.84
192255 3 2 28.40 133.98 133.98
192253 3 1 30.00 144.32 144.32
192268 3 1 30.00 141.64 141.64
192266 3 1 31.90 126.50 126.50
192269 3 1 29.00 140.00 140.00
192272 3 2 25.00 110.50 110.50
192274 3 1 41.60 134.53 134.53
192340 3 2 25.00 121.10 121.10
192262 3 1 23.20 111.47 111.47
192295 4 1 34.80 153.71 153.71
192327 4 1 37.00 156.59 156.59
192357 5 2 23.40 127.98 127.98
192264 3 1 27.50 104.77 104.77
192402 3 2 30.90 115.62 115.62
192261 3 1 28.50 106.41 106.41
192263 3 2 32.20 108.59 108.59
192276 4 1 24.00 97.01 97.01
192275 4 2 25.30 109.97 109.97
192279 4 2 20.50 104.99 104.99
192283 4 2 26.00 107.69 107.69
192282 4 2 28.00 112.00 112.00
192287 4 1 35.70 98.28 98.28
192285 4 1 29.00 102.38 102.38
192278 4 1 24.00 104.67 104.67
192284 4 2 24.00 105.09 105.09
192288 4 2 28.50 117.08 117.08
192286 4 1 32.20 122.48 122.48
192641 4 2 16.50 82.69 82.69
192401 4 2 25.00 104.52 104.52
192289 4 2 22.50 109.64 109.64
192291 4 2 28.00 113.67 113.67
192292 4 2 29.50 113.21 113.21
192294 4 2 23.00 80.10 80.10
192293 4 1 23.40 94.04 94.04
192297 4 1 27.00 113.58 113.58
192296 4 1 25.00 106.68 106.68
192303 4 2 28.20 131.21 131.21
192300 4 2 23.00 100.21 100.21
192302 4 2 28.30 109.15 109.15
192299 4 1 34.50 111.22 111.22
192301 4 1 30.10 121.48 121.48
192298 4 1 32.20 105.28 105.28
192304 4 1 19.70 93.59 93.59
192307 4 2 23.50 101.94 101.94
192308 4 1 31.00 119.99 119.99
192306 4 2 28.30 116.99 116.99
192309 4 2 30.30 119.49 119.49
192316 4 1 30.10 113.39 113.39
192312 4 1 27.30 94.62 94.62
192317 4 1 29.00 121.03 121.03
192313 4 2 25.30 102.72 102.72
192323 4 2 26.50 111.33 111.33
192329 4 2 21.00 83.79 83.79
192526 3 2 21.00 100.39 100.39
192281 3 2 16.50 88.25 88.25
192310 4 2 31.30 146.52 146.52
192315 4 2 33.40 137.93 137.93
192314 4 2 33.80 134.15 134.15
192311 4 1 30.80 145.67 145.67
192320 4 1 28.00 117.52 117.52
192319 4 1 28.30 128.71 128.71
192318 4 2 32.00 136.11 136.11
192325 4 1 30.60 120.02 120.02
192322 4 2 28.70 115.57 115.57
192324 4 2 25.10 105.22 105.22
192326 4 2 32.50 124.47 124.47
192321 4 1 24.50 117.96 117.96
192328 4 1 24.00 112.52 112.52
192331 4 1 30.40 124.48 124.48
192333 4 1 25.00 104.00 104.00
192334 4 1 29.50 128.50 128.50
192376 5 1 29.40 117.84 117.84
192391 5 1 29.50 141.71 141.71
192305 4 1 33.20 142.92 142.92
192336 4 1 32.60 156.49 156.49
192338 4 1 35.00 148.46 148.46
192339 4 2 26.20 120.34 120.34
192337 4 2 24.00 121.22 121.22
192342 5 1 23.40 116.42 116.42
192348 5 1 27.40 132.58 132.58
192345 5 2 31.40 124.90 124.90
192344 5 1 30.40 112.67 112.67
192346 5 1 31.80 131.34 131.34
192349 5 2 35.80 139.77 139.77
192347 5 1 24.80 116.47 116.47
192352 5 2 28.70 123.42 123.42
192353 5 2 24.00 122.85 122.85
192355 5 1 23.00 94.70 94.70
192354 5 2 22.70 117.45 117.45
192350 5 1 31.30 131.39 131.39
192358 5 2 21.50 107.54 107.54
192359 5 1 26.30 117.99 117.99
192383 4 2 19.10 95.51 95.51
192351 5 2 16.70 110.32 110.32
192382 5 2 28.70 110.89 110.89
192384 5 2 17.70 117.56 117.56
192362 5 2 30.00 144.81 144.81
192364 5 2 37.00 148.89 148.89
192365 5 1 26.20 133.03 133.03
192360 5 2 34.30 165.09 165.09
192367 5 2 22.50 133.76 133.76
192363 5 1 25.80 103.07 103.07
192372 5 2 27.00 135.90 135.90
192371 5 2 29.50 124.47 124.47
192368 5 1 36.40 139.43 139.43
192377 5 1 28.50 121.52 121.52
192379 5 1 34.70 155.17 155.17
192378 5 2 26.70 123.54 123.54
192375 5 1 24.90 120.56 120.56
192374 5 2 25.80 150.07 150.07
192385 5 2 31.40 167.27 167.27
192277 4 1 30.00 124.19 124.19
192361 5 1 27.30 122.88 122.88
192380 5 2 27.50 139.88 139.88
192388 5 1 33.50 156.83 156.83
192387 5 1 28.50 161.36 161.36
192386 5 1 26.30 123.63 123.63
192389 5 1 28.00 115.11 115.11
192390 5 2 28.50 142.82 142.82
192393 5 1 33.20 136.14 136.14
192392 5 1 25.00 90.54 90.54
192395 5 1 26.40 116.50 116.50
192400 5 2 26.90 128.31 128.31
192398 5 1 27.80 145.69 145.69
192399 5 2 28.10 140.25 140.25
192666 5 2 27.00 130.85 130.85
192403 5 2 27.10 129.43 129.43
192410 5 2 26.30 142.00 142.00
192412 5 1 30.40 150.00 150.00
192404 5 1 28.40 137.82 137.82
192407 5 2 31.00 139.81 139.81
192405 6 1 39.00 165.31 165.31
192409 6 1 24.00 97.03 97.03
192408 6 1 25.40 124.76 124.76
192406 6 2 29.00 121.57 121.57
192414 6 2 30.50 139.12 139.12
192413 6 1 32.40 144.74 144.74
192416 6 1 33.70 174.47 174.47
192417 6 2 26.00 126.40 126.40
192415 6 2 26.00 110.28 110.28
192418 6 1 32.20 139.16 139.16
192426 6 2 37.00 147.65 147.65
192424 6 1 25.70 139.98 139.98
192423 6 1 22.70 101.84 101.84
192425 6 2 27.00 147.00 147.00
192555 6 1 25.70 105.78 105.78
192427 6 1 29.00 121.16 121.16
192428 6 1 30.00 134.01 134.01
192431 6 2 35.00 127.17 127.17
192430 6 1 30.20 141.64 141.64
