1 1 2 1 0 152.594
1 2 1 4104 0 -692.656
1 2 1 4123 0 -461.149
1 2 1 4125 0 -826.65
1 2 1 4129 0 -369.614
1 2 1 4130 0 -760.704
1 2 1 4143 0 -550.76
1 2 1 4149 0 -355.458
1 2 1 4154 0 -218.863
1 2 1 4158 0 -195.657
1 2 1 4168 0 -455.893
1 2 1 4187 0 -155.841
1 2 1 4207 0 -352.882
1 2 1 4209 0 -521.158
1 2 1 4212 0 -212.599
1 2 1 4222 0 -473.044
1 2 1 4225 0 -51.7472
1 2 1 4232 0 -275.678
1 2 1 4241 0 -746.273
1 2 1 4244 0 -868.789
1 2 1 4256 0 -112.164
1 2 1 4261 0 -96.0613
1 2 1 4274 0 -586.539
1 2 1 4291 0 -114.317
1 2 1 4294 0 -258.034
1 2 1 4300 0 189.097
1 2 1 4303 0 -359.531
1 2 1 4304 0 -426.628
1 2 1 4306 0 -246.869
1 2 1 4307 0 -165.03
1 2 1 4315 0 286.443
1 2 1 4324 0 -122.762
1 2 1 4329 0 -439.495
1 2 1 4345 0 315.586
1 2 1 4347 0 109.623
1 2 1 4351 0 639.155
1 2 1 4352 0 338.788
1 2 1 4355 0 210.367
1 2 1 4356 0 393.77
1 2 1 4360 0 2.38959
1 2 1 4366 0 -207.1
1 2 1 4371 0 -205.326
1 2 1 4373 0 396.294
1 2 1 4393 0 124.626
1 2 1 4406 0 2.13949
1 2 1 4412 0 823.362
1 2 1 4417 0 68.7678
1 2 1 4425 0 -164.767
1 2 1 4429 0 194.05
1 2 1 4434 0 -258.982
1 2 1 4435 0 -175.524
1 2 1 4438 0 -64.0827
1 2 1 4449 0 228.91
1 2 1 4453 0 476.072
1 2 1 4471 0 59.7034
1 2 1 4480 0 151.825
1 2 1 4487 0 245.924
1 2 1 4503 0 -330.51
1 2 1 4509 0 -724.844
1 2 1 4511 0 77.775
1 2 1 4513 0 -306.897
1 2 1 4517 0 -559.071
1 2 1 4521 0 -91.2431
1 2 1 4555 0 -159.456
1 2 1 4571 0 -252.214
1 2 1 4576 0 -480.586
1 2 1 4583 0 -728.511
1 2 1 4621 0 -723.678
1 2 1 4626 0 -336.442
1 2 1 4627 0 -1442.77
1 2 1 4637 0 -924.875
1 2 1 4638 0 -1019.88
1 2 1 4643 0 -662.099
1 2 1 4654 0 -130.552
1 2 1 4656 0 -192.509
1 2 1 4657 0 -423.595
1 2 1 4668 0 -729.096
1 2 1 4669 0 -247.055
1 2 1 4677 0 -1099.47
1 2 1 4682 0 -720.744
1 2 1 4685 0 -1375.02
1 2 1 4687 0 -489.772
1 2 1 4693 0 -884.217
1 2 1 4714 0 -770.539
1 2 1 4724 0 -1179.74
1 2 1 4730 0 -742.788
1 2 1 4742 0 -285.295
1 2 1 4745 0 -262.313
1 2 1 4749 0 -597.364
1 2 1 4753 0 -143.61
1 2 1 4754 0 82.5452
1 2 1 4766 0 -690.029
1 2 1 4769 0 -5.95143
1 2 1 4773 0 -248.061
1 2 1 4788 0 -414.647
1 2 1 4795 0 28.5604
1 2 1 4829 0 -180.906
1 2 1 4830 0 -442.153
1 2 1 4833 0 -243.231
1 2 1 4851 0 -262.039
1 2 1 4855 0 -544.172
1 2 1 4876 0 -106.788
1 2 1 4877 0 -357.256
1 2 1 4882 0 -420.279
1 2 1 4884 0 -657.948
1 2 1 4891 0 -540.372
1 2 1 4905 0 -18.9395
1 2 1 4934 0 -605.708
1 2 1 4941 0 -80.2389
1 2 1 4951 0 262.105
1 2 1 4953 0 106.826
1 2 1 4955 0 -498.072
1 2 1 4956 0 16.6117
1 2 1 4964 0 -39.3554
1 2 1 4965 0 -10.4566
1 2 1 4978 0 -847.605
1 2 1 4998 0 -239.529
1 2 1 4999 0 -1012.49
1 2 1 5000 0 -427.045
1 2 1 5005 0 -535.184
1 2 1 5007 0 -715.427
1 2 1 5018 0 -535.577
1 2 1 5021 0 -443.32
1 2 1 5038 0 -564.421
1 2 1 5048 0 -518.315
1 2 1 5054 0 -405.857
1 2 1 5065 0 381.357
1 2 1 5069 0 -169.478
1 2 1 5089 0 86.8931
1 2 1 5092 0 8.55041
1 2 1 5095 0 355.365
1 2 1 5105 0 401.603
1 2 1 5111 0 192.329
1 2 1 5123 0 -375.179
1 2 1 5137 0 -17.7364
1 2 1 5138 0 222.213
1 2 1 5141 0 12.5219
1 2 1 5146 0 292.629
1 2 1 5159 0 6.33739
1 2 1 5163 0 323.982
1 2 1 5166 0 -302.086
1 2 1 5168 0 126.949
1 2 1 5197 0 -630.125
1 2 1 5209 0 -224.649
1 2 1 5214 0 318.466
1 2 1 5216 0 551.906
1 2 1 5223 0 -81.5008
1 2 1 5229 0 -760.592
1 2 1 5231 0 -154.838
1 2 1 5238 0 105.275
1 2 1 5239 0 -443.182
1 2 1 5255 0 0.299462
1 2 1 5260 0 -759.057
1 2 1 5280 0 262.652
1 2 1 5294 0 -402.419
1 2 1 5295 0 -370.434
1 2 1 5309 0 -563.403
1 2 1 5325 0 82.2172
1 2 1 5335 0 22.8187
1 2 1 5336 0 211.003
1 2 1 5338 0 -394.274
1 2 1 5348 0 -114.111
1 2 1 5349 0 -175.401
1 2 1 5368 0 85.0542
1 2 1 5369 0 -516.746
1 2 1 5378 0 213.533
1 2 1 5406 0 -412.272
1 2 1 5417 0 265.993
1 2 1 5423 0 -282.329
1 2 1 5431 0 -95.7917
1 2 1 5434 0 -370.308
1 2 1 5436 0 67.6248
1 2 1 5441 0 -83.2718
1 2 1 5454 0 -457.276
1 2 1 5456 0 -142.157
1 2 1 5458 0 -225.051
1 2 1 5462 0 -73.3893
1 2 1 5467 0 281.875
1 2 1 5475 0 17.5762
1 2 1 5481 0 -601.947
1 2 1 5487 0 227.087
1 2 1 5498 0 -28.0704
1 2 1 5499 0 -165.158
1 2 1 5501 0 -263.787
1 2 1 5508 0 -488.738
1 2 1 5511 0 -477.676
1 2 1 5520 0 61.174
1 2 1 5532 0 14.0952
1 2 1 5539 0 -663.329
1 2 1 5543 0 81.1199
1 2 1 5547 0 -795.695
1 2 1 5555 0 144.25
1 2 1 5556 0 199.752
1 2 1 5559 0 76.5557
1 2 1 5561 0 -225.94
1 2 1 5564 0 150.334
1 2 1 5565 0 -351.973
1 2 1 5567 0 -301.418
1 2 1 5570 0 67.3237
1 2 1 5591 0 131.562
1 2 1 5597 0 -426.941
1 2 1 5606 0 96.5835
1 2 1 5616 0 25.069
1 2 1 5619 0 51.0246
1 2 1 5639 0 -420.689
1 2 1 5642 0 -249.363
1 2 1 5645 0 -944.885
1 2 1 5657 0 -172.546
1 2 1 5659 0 -742.986
1 2 1 5660 0 36.9395
1 2 1 5665 0 -231.78
1 2 1 5679 0 -838.603
1 2 1 5685 0 -69.531
1 2 1 5699 0 -234.402
1 2 1 5719 0 -532.138
1 2 1 5720 0 -651.035
1 2 1 5728 0 -367.389
1 2 1 5731 0 432.767
1 2 1 5732 0 428.714
1 2 1 5738 0 -78.2094
1 2 1 5749 0 38.2875
1 2 1 5751 0 -241.985
1 2 1 5772 0 -24.9802
1 2 1 5773 0 -110.424
1 2 1 5782 0 -1238.41
1 2 1 5807 0 -200.806
1 2 1 5809 0 -950.604
1 2 1 5817 0 -552.2
1 2 1 5818 0 -783.47
1 2 1 5819 0 27.3355
1 2 1 5820 0 -567.043
1 2 1 5834 0 -304.624
1 2 1 5847 0 -928.911
1 2 1 5855 0 -849.711
1 2 1 5871 0 -155.14
1 2 1 5881 0 343.78
1 2 1 5883 0 -365.709
1 2 1 5888 0 -390.602
1 2 1 5891 0 -83.7506
1 2 1 5895 0 208.117
1 2 1 5896 0 -67.7263
1 2 1 5915 0 -6.60725
1 2 1 5917 0 188.546
1 2 1 5923 0 126.751
1 2 1 5930 0 -8.46009
1 2 1 5942 0 -589.078
1 2 1 5965 0 -284.918
1 2 1 5975 0 147.626
1 2 1 5976 0 -439.068
1 2 1 5986 0 -278.73
1 2 1 5987 0 -953.869
1 2 1 5994 0 -846.315
1 2 1 6012 0 -743.454
1 2 1 6015 0 -914.988
1 2 1 6017 0 -953.206
1 2 1 6023 0 -357.69
1 2 1 6036 0 -248.016
1 2 1 6038 0 39.5868
1 2 1 6042 0 554.727
1 2 1 6049 0 114.825
1 2 1 6057 0 119.767
1 2 1 6059 0 -458.712
1 2 1 6067 0 -108.128
1 2 1 6069 0 -430.227
1 2 1 6078 0 -153.995
1 2 1 6105 0 161.361
1 2 1 6108 0 -12.4525
1 2 1 6125 0 -493.206
1 2 1 6131 0 455.192
1 2 1 6135 0 81.2026
1 2 1 6152 0 179.339
1 2 1 6160 0 169.594
1 2 1 6164 0 -486.632
1 2 1 6178 0 -84.6097
1 2 1 6190 0 -192.39
1 2 1 6192 0 -727.569
1 2 1 6207 0 -113.61
1 2 1 6213 0 -149.4
1 2 1 6219 0 400.827
1 2 1 6223 0 -618.104
1 2 1 6235 0 20.3941
1 2 1 6240 0 -602.74
1 2 1 6252 0 -489.441
1 2 1 6255 0 134.083
1 2 1 6270 0 -570.095
1 2 1 6271 0 -1097.22
1 2 1 6280 0 -659.81
1 2 1 6283 0 -321.485
1 2 1 6292 0 13.1482
1 2 1 6294 0 -307.09
1 2 1 6299 0 -465.18
1 2 1 6303 0 -244.756
1 2 1 6309 0 -481.968
1 2 1 6324 0 -339.071
1 2 1 6341 0 -758.411
1 2 1 6343 0 -590.869
1 2 1 6348 0 -633.856
1 2 1 6352 0 -564.948
1 2 1 6361 0 -880.478
1 2 1 6365 0 -885.244
1 2 1 6390 0 -564.466
1 2 1 6392 0 -472.619
1 2 1 6397 0 -742.14
1 2 1 6413 0 -812.906
1 2 1 6422 0 -44.289
1 2 1 6426 0 -766.667
1 2 1 6442 0 -355.974
1 2 1 6446 0 -289.701
1 2 1 6452 0 -347.158
1 2 1 6455 0 -1059.27
1 2 1 6481 0 -142.591
1 2 1 6484 0 -1060.08
1 2 1 6486 0 -303.816
1 2 1 6495 0 -495.74
1 2 1 6501 0 -102.897
1 2 1 6510 0 -601.791
1 2 1 6518 0 -644.028
1 2 1 6529 0 -23.0405
1 2 1 6530 0 -18.5265
1 2 1 6539 0 -172.489
1 2 1 6547 0 -110.093
1 2 1 6570 0 -342.625
1 2 1 6575 0 -749.215
1 2 1 6588 0 -609.829
1 2 1 6592 0 -294.845
1 2 1 6593 0 -852.643
1 2 1 6615 0 -391.579
1 2 1 6624 0 -573.516
1 2 1 6626 0 24.2986
1 2 1 6632 0 -353.868
1 2 1 6635 0 -872.172
1 2 1 6638 0 -407.276
1 2 1 6642 0 -232.386
1 2 1 6649 0 -712.588
1 2 1 6651 0 -344.226
1 2 1 6684 0 -9.62359
1 2 1 6693 0 615.134
1 2 1 6694 0 565.158
1 2 1 6715 0 143.358
1 2 1 6721 0 448.66
1 2 1 6724 0 -290.578
1 2 1 6731 0 221.155
1 2 1 6733 0 191.349
1 2 1 6736 0 305.438
1 2 1 6752 0 -328.102
1 2 1 6757 0 -333.353
1 2 1 6761 0 -49.6357
1 2 1 6770 0 -93.8604
1 2 1 6778 0 -350.025
1 2 1 6780 0 50.5428
1 2 1 6785 0 -64.6837
1 2 1 6794 0 -752.132
1 2 1 6803 0 -198.414
1 2 1 6812 0 -282.875
1 2 1 6829 0 -571.89
1 2 1 6835 0 -527.3
1 2 1 6836 0 -99.1428
1 2 1 6839 0 -449.038
1 2 1 6840 0 -75.5999
1 2 1 6841 0 -549.437
1 2 1 6873 0 -306.607
1 2 1 6888 0 -503.14
1 2 1 6891 0 -498.164
1 2 1 6896 0 23.6386
1 2 1 6903 0 -298.883
1 2 1 6910 0 -218.647
1 2 1 6916 0 -195.196
1 2 1 6926 0 443.514
1 2 1 6928 0 -510.004
1 2 1 6933 0 484.652
1 2 1 6938 0 283.419
1 2 1 6944 0 179.191
1 2 1 6969 0 360.323
1 2 1 6976 0 251.193
1 2 1 6987 0 -437.479
1 2 1 6988 0 -151.063
1 2 1 6999 0 -411.149
1 2 1 7004 0 -656.369
1 2 1 7006 0 -980.957
1 2 1 7022 0 -551.097
1 2 1 7024 0 -907.327
1 2 1 7031 0 -431.509
1 2 1 7034 0 -127.059
1 2 1 7043 0 -773.373
1 2 1 7048 0 -910.117
1 2 1 7057 0 -549.894
1 2 1 7067 0 -799.334
1 2 1 7085 0 -647.709
1 2 1 7086 0 -609.517
1 2 1 7091 0 -773.46
1 2 1 7097 0 -970.502
1 2 1 7099 0 -792.884
1 2 1 7104 0 -724.712
1 2 1 7123 0 -320.773
1 2 1 7128 0 -818.906
1 2 1 7130 0 -393.797
1 2 1 7141 0 71.0294
1 2 1 7144 0 -516.2
1 2 1 7146 0 188.25
1 2 1 7162 0 -140.774
1 2 1 7169 0 186.272
1 2 1 7182 0 -158.954
1 2 1 7188 0 -441.253
1 2 1 7194 0 -241.621
1 2 1 7204 0 -140.821
1 2 1 7208 0 -580.729
1 2 1 7226 0 -944.85
1 2 1 7231 0 -681.09
1 2 1 7242 0 -751.132
1 2 1 7244 0 -473.112
1 2 1 7245 0 -523.583
1 2 1 7250 0 -344.772
1 2 1 7255 0 -403.463
1 2 1 7260 0 -270.234
1 2 1 7275 0 -496.333
1 2 1 7276 0 -432.625
1 2 1 7309 0 -44.1682
1 2 1 7318 0 136.523
1 2 1 7323 0 181.736
1 2 1 7327 0 261.899
1 2 1 7337 0 481.85
1 2 1 7339 0 44.5988
1 2 1 7341 0 455.889
1 2 1 7345 0 99.8363
1 2 1 7346 0 143.026
1 2 1 7359 0 -62.0837
1 2 1 7361 0 486.272
1 2 1 7365 0 416.747
1 2 1 7366 0 300.899
1 2 1 7367 0 427.655
1 2 1 7371 0 -97.1301
1 2 1 7384 0 -395.671
1 2 1 7388 0 -784.962
1 2 1 7407 0 -705.854
1 2 1 7411 0 -521.231
1 2 1 7413 0 -663.114
1 2 1 7424 0 -573.111
1 2 1 7428 0 -552.384
1 2 1 7429 0 -1011.99
1 2 1 7444 0 -1341.13
1 2 1 7454 0 -712.42
1 2 1 7466 0 78.7392
1 2 1 7471 0 -294.171
1 2 1 7477 0 -264.395
1 2 1 7486 0 -42.9861
1 2 1 7489 0 -153.527
1 2 1 7497 0 173.29
1 2 1 7501 0 -123.762
1 2 1 7507 0 -226.951
1 2 1 7509 0 242.305
1 2 1 7511 0 -507.576
1 2 1 7513 0 333.521
1 2 1 7514 0 398.328
1 2 1 7534 0 -720.963
1 2 1 7555 0 -610.549
1 2 1 7559 0 -728.609
1 2 1 7560 0 -578.255
1 2 1 7575 0 -622.928
1 2 1 7577 0 -348.896
1 2 1 7587 0 -894.901
1 2 1 7601 0 -908.263
1 2 1 7607 0 -400.663
1 2 1 7611 0 -787.785
1 2 1 7613 0 -476.967
1 2 1 7624 0 154.625
1 2 1 7628 0 -58.8717
1 2 1 7632 0 706.397
1 2 1 7638 0 360.271
1 2 1 7644 0 584.142
1 2 1 7653 0 76.8201
1 2 1 7684 0 -95.7378
1 2 1 7685 0 -90.2167
1 2 1 7688 0 490.809
1 2 1 7692 0 -7.21385
1 2 1 7713 0 -248.234
1 2 1 7736 0 182.017
1 2 1 7737 0 60.0768
1 2 1 7741 0 447.347
1 2 1 7744 0 -145.923
1 2 1 7745 0 71.1693
1 2 1 7759 0 -330.061
1 2 1 7764 0 219.643
1 2 1 7769 0 -71.9525
1 2 1 7780 0 1.37721
1 2 1 7791 0 -637.942
1 2 1 7800 0 -125.896
1 2 1 7810 0 -357.681
1 2 1 7816 0 -70.0895
1 2 1 7822 0 12.0983
1 2 1 7829 0 -96.4939
1 2 1 7831 0 -256.123
1 2 1 7837 0 -340.778
1 2 1 7842 0 34.0853
1 2 1 7844 0 -98.1158
1 2 1 7877 0 149.917
1 2 1 7888 0 -151.122
1 2 1 7890 0 219.959
1 2 1 7892 0 -221.088
1 2 1 7893 0 -45.7811
1 2 1 7894 0 430.142
1 2 1 7912 0 84.9026
1 2 1 7915 0 19.8538
1 2 1 7925 0 -62.0989
1 2 1 7933 0 -72.1949
1 2 1 7942 0 -92.3913
1 2 1 7950 0 -904.174
1 2 1 7973 0 -554.015
1 2 1 7979 0 -838.457
1 2 1 7983 0 -509.336
1 2 1 7986 0 -984.592
1 2 1 7991 0 -515.433
1 2 1 7995 0 -542.801
1 2 1 8002 0 -383.129
1 2 1 8019 0 -527.176
1 2 1 8025 0 100.99
1 2 1 8031 0 -407.656
1 2 1 8033 0 594.077
1 2 1 8041 0 -385.875
1 2 1 8042 0 128.538
1 2 1 8045 0 -170.887
1 2 1 8051 0 375.998
1 2 1 8053 0 -74.7683
1 2 1 8060 0 55.6497
1 2 1 8061 0 17.0745
1 2 1 8063 0 -53.5116
1 2 1 8067 0 136.652
1 2 1 8069 0 -116.717
1 2 1 8077 0 458.679
1 2 1 8079 0 479.12
1 2 1 8094 0 326.354
1 2 1 8095 0 43.7022
1 2 1 8098 0 -416.251
1 2 1 8104 0 -166.381
1 2 1 8113 0 -355.62
1 2 1 8120 0 266.224
1 2 1 8153 0 -186.636
1 2 1 8175 0 -317.793
1 2 1 8188 0 313.814
1 2 1 8192 0 339.758
1 2 1 8200 0 -31.1368
1 2 1 8202 0 -470.401
1 2 1 8226 0 -96.4501
1 2 1 8239 0 39.0965
1 2 1 8246 0 -102.313
1 2 1 8248 0 -70.4755
1 2 1 8250 0 181.111
1 2 1 8258 0 192.127
1 2 1 8259 0 311.355
1 2 1 8270 0 81.5593
1 2 1 8278 0 -71.5476
1 2 1 8283 0 70.7474
1 2 1 8286 0 -188.034
1 2 1 8292 0 215.262
1 2 1 8305 0 278.439
1 2 1 8317 0 -50.5866
1 2 1 8319 0 -22.4781
1 2 1 8329 0 334.597
1 2 1 8333 0 328.285
1 2 1 8349 0 -308.31
1 2 1 8352 0 434.555
1 2 1 8357 0 -725.894
1 2 1 8368 0 247.428
1 2 1 8369 0 -165.278
1 2 1 8385 0 -357.39
1 2 1 8387 0 228.997
1 2 1 8407 0 -720.239
1 2 1 8408 0 -513.733
1 2 1 8410 0 -319.073
1 2 1 8415 0 -251.624
1 2 1 8426 0 608.285
1 2 1 8442 0 195.646
1 2 1 8455 0 -30.442
1 2 1 8461 0 64.1732
1 2 1 8469 0 -138.232
1 2 1 8470 0 42.1535
1 2 1 8471 0 -39.5261
1 2 1 8475 0 307.449
1 2 1 8478 0 -24.1265
1 2 1 8487 0 253.394
1 2 1 8489 0 -157.917
1 2 1 8507 0 -644.282
1 2 1 8509 0 136.657
1 2 1 8543 0 127.784
1 2 1 8547 0 236.695
1 2 1 8552 0 104.494
1 2 1 8554 0 46.0733
1 2 1 8564 0 -500.403
1 2 1 8567 0 -524.707
1 2 1 8582 0 -464.249
1 2 1 8604 0 205.165
1 2 1 8606 0 -397.264
1 2 1 8628 0 86.4354
1 2 1 8651 0 -701.86
1 2 1 8666 0 339.437
1 2 1 8672 0 -12.2149
1 2 1 8673 0 -95.4435
1 2 1 8683 0 -213.614
1 2 1 8686 0 -73.9148
1 2 1 8702 0 14.7573
1 2 1 8706 0 15.4098
1 2 1 8707 0 144.8
1 2 1 8713 0 -286.639
1 2 1 8721 0 -199.314
1 2 1 8736 0 473.612
1 2 1 8741 0 -283.366
1 2 1 8747 0 -337.652
1 2 1 8752 0 -250.532
1 2 1 8761 0 65.58
1 2 1 8769 0 -498.121
1 2 1 8772 0 -261.814
1 2 1 8783 0 -310.273
1 2 1 8793 0 -388.32
1 2 1 8803 0 -105.839
1 2 1 8811 0 -324.947
1 2 1 8812 0 -478.953
1 2 1 8827 0 206.101
1 2 1 8829 0 105.749
1 2 1 8831 0 461.417
1 2 1 8832 0 496.783
1 2 1 8833 0 330.43
1 2 1 8835 0 257.659
1 2 1 8844 0 379.733
1 2 1 8859 0 207.7
1 2 1 8866 0 68.8745
1 2 1 8870 0 225.024
1 2 1 8894 0 133.072
1 2 1 8895 0 309.298
1 2 1 8899 0 389.635
1 2 1 8916 0 -67.7287
1 2 1 8923 0 138.145
1 2 1 8926 0 -336.589
1 2 1 8937 0 257.353
1 2 1 8938 0 459.282
1 2 1 8953 0 99.3914
1 2 1 8962 0 -57.2988
1 2 1 8967 0 370.917
1 2 1 8975 0 385.491
1 2 1 8977 0 432.794
1 2 1 8980 0 -67.7626
1 2 1 8981 0 -63.2542
1 2 1 8987 0 -378.671
1 2 1 8989 0 -46.8148
1 2 1 8996 0 108.159
1 2 1 9006 0 162.603
1 2 1 9014 0 -212.416
1 2 1 9028 0 -280.36
1 2 1 9033 0 -481.85
1 2 1 9035 0 -17.7649
1 2 1 9037 0 -171.307
1 2 1 9039 0 159.062
1 2 1 9046 0 -98.7483
1 2 1 9047 0 -388.275
1 2 1 9060 0 165.484
1 2 1 9063 0 -722.204
1 2 1 9066 0 -219.454
1 2 1 9075 0 -221.526
1 2 1 9076 0 -173.57
1 2 1 9084 0 -183.747
1 2 1 9085 0 -105.762
1 2 1 9090 0 -916.898
1 2 1 9093 0 16.7855
1 2 1 9094 0 -20.6725
1 2 1 9099 0 -194.395
1 2 1 9107 0 40.4119
1 2 1 9132 0 -199.125
1 2 1 9142 0 358.443
1 2 1 9151 0 -564.766
1 2 1 9162 0 -348.176
1 2 1 9173 0 -9.78033
1 2 1 9185 0 -325.207
1 2 1 9189 0 -212.887
1 2 1 9194 0 -75.88
1 2 1 9210 0 -177.098
1 2 1 9234 0 -77.7494
1 2 1 9235 0 254.009
1 2 1 9242 0 462.083
1 2 1 9244 0 -137.708
1 2 1 9256 0 238.31
1 2 1 9262 0 -121.443
1 2 1 9269 0 512.748
1 2 1 9274 0 44.9671
1 2 1 9280 0 494.529
1 2 1 9281 0 -382.494
1 2 1 9283 0 269.786
1 2 1 9287 0 417.408
1 2 1 9288 0 346.782
1 2 1 9289 0 -53.0428
1 2 1 9290 0 -130.332
1 2 1 9296 0 184.109
1 2 1 9303 0 210.95
1 2 1 9310 0 -303.05
1 2 1 9319 0 -445.324
1 2 1 9331 0 110.939
1 2 1 9336 0 -211.414
1 2 1 9349 0 3.90796
1 2 1 9375 0 -158.022
1 2 1 9377 0 247.025
1 2 1 9382 0 12.4738
1 2 1 9387 0 -129.053
1 2 1 9398 0 -16.4711
1 2 1 9416 0 32.6952
1 2 1 9423 0 -82.61
1 2 1 9426 0 -116.513
1 2 1 9451 0 5.5845
1 2 1 9458 0 15.0433
1 2 1 9477 0 -535.204
1 2 1 9487 0 -842.097
1 2 1 9496 0 -310.803
1 2 1 9505 0 -378.326
1 2 1 9509 0 -657.411
1 2 1 9518 0 -257.082
1 2 1 9536 0 -715.377
1 2 1 9543 0 -233.121
1 2 1 9545 0 -511.202
1 2 1 9548 0 -39.1731
1 2 1 9553 0 -479.819
1 2 1 9560 0 -339.891
1 2 1 9574 0 -143.346
1 2 1 9587 0 -157.08
1 2 1 9590 0 -281.029
1 2 1 9598 0 -66.6906
1 2 1 9600 0 -69.3128
1 2 1 9601 0 -625.164
1 2 1 9617 0 244.351
1 2 1 9633 0 -50.0939
1 2 1 9635 0 -281.639
1 2 1 9644 0 -16.6252
1 2 1 9645 0 257.089
1 2 1 9653 0 385.351
1 2 1 9661 0 -539.546
1 2 1 9701 0 215.353
1 2 1 9706 0 202.957
1 2 1 9733 0 131.565
1 2 1 9735 0 -289.723
1 2 1 9741 0 -45.4092
1 2 1 9747 0 26.2289
1 2 1 9752 0 -45.1291
1 2 1 9756 0 77.7042
1 2 1 9760 0 484.523
1 2 1 9769 0 231.386
1 2 1 9771 0 187.593
1 2 1 9776 0 -137.136
1 2 1 9777 0 12.5982
1 2 1 9779 0 -41.1517
1 2 1 9783 0 447.886
1 2 1 9798 0 -44.5036
1 2 1 9802 0 -322.667
1 2 1 9806 0 -142.294
1 2 1 9807 0 397.078
1 2 1 9818 0 219.793
1 2 1 9821 0 77.652
1 2 1 9823 0 -14.9262
1 2 1 9831 0 -348.727
1 2 1 9845 0 192.255
1 2 1 9854 0 149.17
1 2 1 9862 0 -157.819
1 2 1 9877 0 -481.244
1 2 1 9878 0 -183.754
1 2 1 9882 0 -26.014
1 2 1 9895 0 -93.7063
1 2 1 9896 0 -92.464
1 2 1 9907 0 -856.173
1 2 1 9927 0 -345.566
1 2 1 9934 0 31.8812
1 2 1 9942 0 -405.573
1 2 1 9959 0 -64.2879
1 2 1 10000 0 224.879
1 2 1 10009 0 266.983
1 2 1 10019 0 -380.736
1 2 1 10020 0 21.8616
1 2 1 10029 0 71.383
1 2 1 10049 0 -146.27
1 2 1 10067 0 -133.014
1 2 1 10084 0 172.752
1 2 1 10089 0 -513.215
1 2 1 10093 0 176.357
1 2 1 10094 0 169.109
1 2 1 10101 0 589.128
1 2 1 10102 0 322.865
1 2 1 10115 0 -372.15
1 2 1 10116 0 -460.406
1 2 1 10126 0 -147.029
1 2 1 10135 0 -107.663
1 2 1 10154 0 105.887
1 2 1 10164 0 -247.487
1 2 1 10173 0 -36.529
1 2 1 10175 0 -404.251
1 2 1 10186 0 -377.829
1 2 1 10192 0 -126.387
1 2 1 10209 0 -7.91011
1 2 1 10240 0 -67.1425
1 2 1 10242 0 -452.714
1 2 1 10247 0 38.1468
1 2 1 10262 0 193.968
1 2 1 10267 0 408.143
1 2 1 10279 0 125.042
1 2 1 10287 0 -6.15206
1 2 1 10303 0 -208.939
1 2 1 10323 0 4.30133
1 2 1 10331 0 215.877
1 2 1 10333 0 355.255
1 2 1 10349 0 -103.495
1 2 1 10350 0 226.35
1 2 1 10353 0 101.367
1 2 1 10355 0 213.503
1 2 1 10359 0 -477.486
1 2 1 10371 0 -82.5768
1 2 1 10375 0 -167.506
1 2 1 10388 0 7.11884
1 2 1 10399 0 -245.417
1 2 1 10402 0 -179.081
1 2 1 10403 0 79.4153
1 2 1 10405 0 -33.5573
1 2 1 10415 0 414.585
1 2 1 10417 0 -371.269
1 2 1 10418 0 -182.974
1 2 1 10421 0 385.353
1 2 1 10445 0 276.856
1 2 1 10459 0 -119.687
1 2 1 10463 0 3.40337
1 2 1 10483 0 683.601
1 2 1 10497 0 126.637
1 2 1 10503 0 -73.799
1 2 1 10513 0 260.672
1 2 1 10517 0 -333.248
1 2 1 10518 0 71.5994
1 2 1 10521 0 147.616
1 2 1 10525 0 -46.5861
1 2 1 10530 0 408.675
1 2 1 10531 0 420.281
1 2 1 10539 0 89.1946
1 2 1 10544 0 -126.518
1 2 1 10547 0 370.584
1 2 1 10549 0 122.098
1 2 1 10569 0 -174.654
1 2 1 10573 0 279.45
1 2 1 10576 0 -21.125
1 2 1 10577 0 540.951
1 2 1 10594 0 30.921
1 2 1 10597 0 -244.048
1 2 1 10613 0 192.878
1 2 1 10638 0 108.021
1 2 1 10642 0 285.99
1 2 1 10655 0 89.8085
1 2 1 10668 0 23.4824
1 2 1 10675 0 -71.1114
1 2 1 10695 0 188.978
1 2 1 10710 0 -113.137
1 2 1 10711 0 110.42
1 2 1 10716 0 287.852
1 2 1 10740 0 -123.266
1 2 1 10749 0 -419.722
1 2 1 10760 0 -385.322
1 2 1 10770 0 -906.645
1 2 1 10784 0 -1105.91
1 2 1 10802 0 -47.3401
1 2 1 10804 0 -516.767
1 2 1 10805 0 -67.0241
1 2 1 10811 0 -573.616
1 2 1 10814 0 -571.757
1 2 1 10815 0 -212.248
1 2 1 10817 0 -490.81
1 2 1 10821 0 -646.059
1 2 1 10862 0 -673.108
1 2 1 10870 0 -704.997
1 2 1 10875 0 -364.28
1 2 1 10880 0 -5.49401
1 2 1 10885 0 37.5572
1 2 1 10891 0 -458.559
1 2 1 10896 0 -296.12
1 2 1 10901 0 -137.093
1 2 1 10923 0 170.155
1 2 1 10926 0 -75.6236
1 2 1 10928 0 84.3546
1 2 1 10946 0 61.1834
1 2 1 10952 0 458.515
1 2 1 10955 0 -24.4886
1 2 1 10961 0 339.25
1 2 1 10972 0 -178.957
1 2 1 11000 0 -312.192
1 2 1 11014 0 -244.161
1 2 1 11020 0 -216.941
1 2 1 11023 0 -167.242
1 2 1 11033 0 29.8594
1 2 1 11035 0 -389.679
1 2 1 11047 0 -15.0268
1 2 1 11052 0 -296.089
1 2 1 11054 0 -167.328
1 2 1 11056 0 -343.248
1 2 1 11061 0 -186.353
1 2 1 11089 0 479.601
1 2 1 11090 0 368.276
1 2 1 11113 0 599.432
1 2 1 11121 0 572.342
1 2 1 11126 0 268.398
1 2 1 11135 0 611.32
1 2 1 11149 0 -32.4824
1 2 1 11160 0 349.829
1 2 1 11161 0 73.9819
1 2 1 11162 0 -4.31071
1 2 1 11163 0 100.928
1 2 1 11173 0 229.147
1 2 1 11184 0 117.397
1 2 1 11191 0 633.913
1 2 1 11193 0 -185.353
1 2 1 11204 0 244.802
1 2 1 11218 0 63.4418
1 2 1 11225 0 -185.748
1 2 1 11242 0 -364.585
1 2 1 11255 0 -275.754
1 2 1 11263 0 191.782
1 2 1 11265 0 -3.91387
1 2 1 11283 0 -429.258
1 2 1 11318 0 595.778
1 2 1 11321 0 455.354
1 2 1 11325 0 48.02
1 2 1 11328 0 41.3912
1 2 1 11334 0 108.871
1 2 1 11353 0 195.437
1 2 1 11381 0 -282.431
1 2 1 11388 0 -845.116
1 2 1 11405 0 123.459
1 2 1 11423 0 -321.619
1 2 1 11425 0 -576.119
1 2 1 11445 0 134.916
1 2 1 11448 0 -914.016
1 2 1 11449 0 -896.992
1 2 1 11491 0 51.8584
1 2 1 11499 0 -186.272
1 2 1 11501 0 -585.534
1 2 1 11502 0 -366.606
1 2 1 11503 0 -348.334
1 2 1 11512 0 11.4027
1 2 1 11516 0 -568.781
1 2 1 11519 0 -55.1285
1 2 1 11531 0 -78.0579
1 2 1 11544 0 294.44
1 2 1 11561 0 92.8487
1 2 1 11572 0 388.14
1 2 1 11574 0 -54.04
1 2 1 11584 0 -336.897
1 2 1 11587 0 292.571
1 2 1 11594 0 266.288
1 2 1 11595 0 31.593
1 2 1 11605 0 679.66
1 2 1 11619 0 180.469
1 2 1 11654 0 -39.7686
1 2 1 11656 0 -485.339
1 2 1 11671 0 -621.943
1 2 1 11675 0 -598.014
1 2 1 11695 0 -349.649
1 2 1 11699 0 198.882
1 2 1 11715 0 -307.22
1 2 1 11735 0 180.78
1 2 1 11756 0 -83.8883
1 2 1 11757 0 97.8008
1 2 1 11776 0 133.786
1 2 1 11779 0 -510.964
1 2 1 11780 0 -398.95
1 2 1 11781 0 294.41
1 2 1 11783 0 -255.946
1 2 1 11786 0 -289.604
1 2 1 11804 0 279.207
1 2 1 11819 0 46.5239
1 2 1 11827 0 316.013
1 2 1 11836 0 -123.595
1 2 1 11852 0 -232.293
1 2 1 11866 0 -383.778
1 2 1 11869 0 376.103
1 2 1 11886 0 85.0745
1 2 1 11899 0 -334.775
1 2 1 11900 0 -26.4319
1 2 1 11902 0 -601.924
1 2 1 11907 0 303.103
1 2 1 11914 0 -85.5497
1 2 1 11922 0 267.246
1 2 1 11932 0 -445.97
1 2 1 11940 0 -37.8515
1 2 1 11944 0 -210.848
1 2 1 11968 0 190.376
1 2 1 11969 0 241.574
1 2 1 11980 0 84.3631
1 2 1 11981 0 -344.368
1 2 1 11984 0 -36.1177
1 2 1 11990 0 -299.623
1 2 1 12008 0 -460.855
1 2 1 12009 0 -575.804
1 2 1 12019 0 -253.3
1 2 1 12021 0 -81.4257
1 2 1 12027 0 -759.264
1 2 1 12029 0 -492.824
1 2 1 12030 0 -575.182
1 2 1 12035 0 -224.512
1 2 1 12038 0 -499.874
1 2 1 12050 0 -360.335
1 2 1 12054 0 -490.379
1 2 1 12058 0 -339.688
1 2 1 12071 0 -707.59
1 2 1 12080 0 -562.728
1 2 1 12082 0 164.711
1 2 1 12094 0 -654.175
1 2 1 16102 0 270.457
1 2 1 16105 0 629.791
1 2 1 16108 0 -36.294
1 2 1 16117 0 526.401
1 2 1 16119 0 10.009
1 2 1 16122 0 274.443
1 2 1 16130 0 331.746
1 2 1 16132 0 355.817
1 2 1 16134 0 433.402
1 2 1 16135 0 36.5315
1 2 1 16142 0 68.5576
1 2 1 16154 0 278.671
1 2 1 16156 0 383.784
1 2 1 16157 0 273.865
1 2 1 16158 0 468.284
1 2 1 16167 0 166.917
1 2 1 16168 0 508.961
1 2 1 16170 0 218.076
1 2 1 16171 0 421.035
1 2 1 16176 0 439.829
1 2 1 16183 0 422.613
1 2 1 16194 0 74.3988
1 2 1 16200 0 107.477
1 2 1 16209 0 194.335
1 2 1 16211 0 -218.163
1 2 1 16220 0 -98.9706
1 2 1 16221 0 180.496
1 2 1 16224 0 242.513
1 2 1 16227 0 50.5719
1 2 1 16230 0 129.225
1 2 1 16240 0 153.959
1 2 1 16241 0 -9.74913
1 2 1 16255 0 190.61
1 2 1 16258 0 -110.576
1 2 1 16274 0 23.3941
1 2 1 16276 0 87.3196
1 2 1 16277 0 299.627
1 2 1 16281 0 -10.4794
1 2 1 16284 0 122.51
1 2 1 16286 0 73.1633
1 2 1 16290 0 -137.979
1 2 1 16293 0 23.7378
1 2 1 16303 0 -213.799
1 2 1 16304 0 283.624
1 2 1 16308 0 3.93423
1 2 1 16315 0 159.456
1 2 1 16320 0 50.1203
1 2 1 16324 0 184.072
1 2 1 16330 0 68.1533
1 2 1 16333 0 45.3608
1 2 1 16340 0 69.8694
1 2 1 16346 0 262.202
1 2 1 16350 0 -115.393
1 2 1 16353 0 77.9436
1 2 1 16356 0 327.987
1 2 1 16359 0 124.746
1 2 1 16360 0 114.423
1 2 1 16365 0 228.762
1 2 1 16369 0 -145.878
1 2 1 16377 0 311.601
1 2 1 16378 0 219.232
1 2 1 16381 0 -136.049
1 2 1 16385 0 281.55
1 2 1 16389 0 405.146
1 2 1 16397 0 230.986
1 2 1 16403 0 62.2139
1 2 1 16406 0 458.571
1 2 1 16407 0 214.529
1 2 1 16408 0 -50.3686
1 2 1 16411 0 316.957
1 2 1 16412 0 224.824
1 2 1 16415 0 134.513
1 2 1 16436 0 256.113
1 2 1 16440 0 148.498
1 2 1 16441 0 -46.8303
1 2 1 16450 0 -93.4004
1 2 1 16451 0 76.0467
1 2 1 16452 0 76.5754
1 2 1 16459 0 254.06
1 2 1 16464 0 263.399
1 2 1 16469 0 -376.073
1 2 1 16471 0 156.998
1 2 1 16472 0 267.374
1 2 1 16476 0 210.401
1 2 1 16482 0 238.08
1 2 1 16487 0 -229.579
1 2 1 16491 0 340.674
1 2 1 16493 0 207.697
1 2 1 16496 0 -62.3332
1 2 1 16498 0 492.326
1 2 1 16499 0 -19.4429
1 2 1 16501 0 -131.442
1 2 1 16504 0 243.662
1 2 1 16508 0 489.447
1 2 1 16513 0 440.58
1 2 1 16515 0 328.342
1 2 1 16521 0 329.295
1 2 1 16530 0 552.608
1 2 1 16531 0 155.816
1 2 1 16533 0 332.663
1 2 1 16534 0 52.3602
1 2 1 16535 0 448.326
1 2 1 16536 0 144.342
1 2 1 16537 0 187.717
1 2 1 16540 0 311.631
1 2 1 16546 0 316.99
1 2 1 16548 0 350.729
1 2 1 16549 0 402.589
1 2 1 16553 0 346.468
1 2 1 16558 0 276.493
1 2 1 16562 0 420.897
1 2 1 16570 0 457.269
1 2 1 16572 0 406.003
1 2 1 16577 0 -59.156
1 2 1 16585 0 267.019
1 2 1 16586 0 178.892
1 2 1 16587 0 91.1861
1 2 1 16589 0 230.959
1 2 1 16590 0 -267.891
1 2 1 16593 0 72.3876
1 2 1 16597 0 -178.27
1 2 1 16599 0 253.874
1 2 1 16600 0 299.006
1 2 1 16602 0 58.0283
1 2 1 16606 0 417.574
1 2 1 16611 0 -51.3459
1 2 1 16612 0 -307.252
1 2 1 16622 0 262.622
1 2 1 16634 0 265.269
1 2 1 16641 0 -378.357
1 2 1 16643 0 -299.459
1 2 1 16649 0 31.4793
1 2 1 16654 0 -112.095
1 2 1 16655 0 -88.0198
1 2 1 16656 0 -42.0034
1 2 1 16666 0 163.353
1 2 1 16668 0 33.768
1 2 1 16669 0 123.874
1 2 1 16679 0 260.133
1 2 1 16680 0 217.637
1 2 1 16687 0 200.811
1 2 1 16690 0 178.583
1 2 1 16694 0 260.518
1 2 1 16700 0 289.21
1 2 1 16708 0 194.397
1 2 1 16710 0 402.253
1 2 1 16711 0 -11.9259
1 2 1 16713 0 -67.8215
1 2 1 16715 0 63.1748
1 2 1 16716 0 284.697
1 2 1 16721 0 367.897
1 2 1 16728 0 170.904
1 2 1 16731 0 41.4057
1 2 1 16741 0 -10.0901
1 2 1 16749 0 82.2883
1 2 1 16750 0 321.186
1 2 1 16753 0 -192.332
1 2 1 16761 0 -139.577
1 2 1 16762 0 -131.82
1 2 1 16768 0 58.2163
1 2 1 16788 0 -328.249
1 2 1 16793 0 83.5073
1 2 1 16801 0 -213.319
1 2 1 16804 0 201.637
1 2 1 16810 0 -91.2311
1 2 1 16816 0 1.26345
1 2 1 16823 0 -78.3345
1 2 1 16824 0 40.1256
1 2 1 16825 0 32.8899
1 2 1 16827 0 302.758
1 2 1 16831 0 265.02
1 2 1 16837 0 180.713
1 2 1 16838 0 99.2077
1 2 1 16839 0 443.961
1 2 1 16847 0 505.27
1 2 1 16849 0 406.865
1 2 1 16856 0 391.311
1 2 1 16858 0 265.522
1 2 1 16860 0 356.544
1 2 1 16862 0 -25.1097
1 2 1 16863 0 361.002
1 2 1 16868 0 592.964
1 2 1 16869 0 275.012
1 2 1 16873 0 504.163
1 2 1 16878 0 171.137
1 2 1 16882 0 720.848
1 2 1 16887 0 661.355
1 2 1 16897 0 426.986
1 2 1 16905 0 120.057
1 2 1 16906 0 242.039
1 2 1 16917 0 -33.032
1 2 1 16924 0 35.4635
1 2 1 16926 0 -281.63
1 2 1 16930 0 92.1243
1 2 1 16933 0 338.78
1 2 1 16935 0 -268.334
1 2 1 16941 0 491.149
1 2 1 16951 0 49.4174
1 2 1 16959 0 -168.865
1 2 1 16969 0 -13.8299
1 2 1 16974 0 354.453
1 2 1 16978 0 -226.632
1 2 1 16981 0 47.394
1 2 1 16984 0 11.9153
1 2 1 16986 0 161.36
1 2 1 16990 0 175.881
1 2 1 16996 0 346.418
1 2 1 17001 0 158.669
1 2 1 17002 0 135.963
1 2 1 17011 0 -221.884
1 2 1 17014 0 -76.4561
1 2 1 17015 0 -0.132365
1 2 1 17017 0 -116.659
1 2 1 17022 0 240.721
1 2 1 17024 0 -278.764
1 2 1 17029 0 -57.1648
1 2 1 17033 0 178.467
1 2 1 17036 0 46.5831
1 2 1 17040 0 -203.349
1 2 1 17044 0 92.2043
1 2 1 17050 0 124.345
1 2 1 17054 0 -78.9642
1 2 1 17055 0 195.427
1 2 1 17057 0 0.0664646
1 2 1 17060 0 41.0832
1 2 1 17061 0 -82.4527
1 2 1 17062 0 -251.661
1 2 1 17063 0 89.2365
1 2 1 17066 0 97.1762
1 2 1 17068 0 231.881
1 2 1 17069 0 115.612
1 2 1 17070 0 424.426
1 2 1 17071 0 427.832
1 2 1 17072 0 410.99
1 2 1 17073 0 -157.236
1 2 1 17078 0 44.8403
1 2 1 17090 0 250.52
1 2 1 17100 0 176.513
1 2 1 17101 0 -154.934
1 2 1 17106 0 -81.4251
1 2 1 17109 0 573.031
1 2 1 17110 0 439.016
1 2 1 17114 0 -156.107
1 2 1 17123 0 167.151
1 2 1 17129 0 -235.736
1 2 1 17132 0 -226.399
1 2 1 17142 0 125.678
1 2 1 17145 0 404.049
1 2 1 17147 0 280.643
1 2 1 17150 0 243.854
1 2 1 17152 0 -8.25726
1 2 1 17160 0 118.949
1 2 1 17165 0 181.374
1 2 1 17171 0 137.983
1 2 1 17175 0 172.952
1 2 1 17180 0 -268.412
1 2 1 17183 0 244.616
1 2 1 17185 0 152.606
1 2 1 17188 0 200.732
1 2 1 17192 0 180.364
1 2 1 17194 0 108.763
1 2 1 17197 0 84.6157
1 2 1 17201 0 167.177
1 2 1 17204 0 143.764
1 2 1 17211 0 93.6257
1 2 1 17215 0 358.021
1 2 1 17221 0 377.187
1 2 1 17223 0 532.292
1 2 1 17225 0 -250.102
1 2 1 17226 0 -75.4317
1 2 1 17227 0 367.312
1 2 1 17228 0 349.812
1 2 1 17230 0 354.488
1 2 1 17243 0 550.136
1 2 1 17245 0 87.6212
1 2 1 17247 0 316.893
1 2 1 17248 0 209.162
1 2 1 17249 0 -47.2237
1 2 1 17252 0 134.639
1 2 1 17254 0 -119.947
1 2 1 17263 0 156.211
1 2 1 17275 0 -9.06686
1 2 1 17279 0 8.07596
1 2 1 17281 0 310.195
1 2 1 17284 0 405.91
1 2 1 17286 0 355.629
1 2 1 17292 0 330.344
1 2 1 17300 0 264.006
1 2 1 17301 0 83.5951
1 2 1 17302 0 -97.6036
1 2 1 17306 0 -272.781
1 2 1 17309 0 296.836
1 2 1 17310 0 218.468
1 2 1 17317 0 329.322
1 2 1 17321 0 156.157
1 2 1 17325 0 241.151
1 2 1 17332 0 213.346
1 2 1 17334 0 -67.5349
1 2 1 17337 0 142.932
1 2 1 17340 0 6.90529
1 2 1 17344 0 109.617
1 2 1 17352 0 -55.3095
1 2 1 17353 0 -77.2664
1 2 1 17356 0 17.3613
1 2 1 17357 0 275.711
1 2 1 17360 0 273.575
1 2 1 17363 0 109.337
1 2 1 17365 0 389.055
1 2 1 17369 0 14.6178
1 2 1 17372 0 148.382
1 2 1 17375 0 207.382
1 2 1 17379 0 -189.448
1 2 1 17381 0 -64.7311
1 2 1 17385 0 228.66
1 2 1 17388 0 313.554
1 2 1 17399 0 13.6447
1 2 1 17404 0 295.246
1 2 1 17405 0 102.729
1 2 1 17412 0 3.02894
1 2 1 17416 0 325.346
1 2 1 17421 0 -175.528
1 2 1 17422 0 -93.5226
1 2 1 17432 0 -100.215
1 2 1 17440 0 168.419
1 2 1 17441 0 124.093
1 2 1 17451 0 144.508
1 2 1 17452 0 -38.5628
1 2 1 17453 0 45.1084
1 2 1 17454 0 323.817
1 2 1 17464 0 -104.572
1 2 1 17468 0 309.528
1 2 1 17470 0 333.199
1 2 1 17471 0 384.847
1 2 1 17474 0 -114.313
1 2 1 17478 0 521.427
1 2 1 17483 0 161.739
1 2 1 17492 0 322.283
1 2 1 17493 0 193.337
1 2 1 17494 0 69.739
1 2 1 17496 0 556.578
1 2 1 17497 0 107.152
1 2 1 17499 0 50.1155
1 2 1 17500 0 299.939
1 2 1 17501 0 201.704
1 2 1 17504 0 425.358
1 2 1 17506 0 -121.344
1 2 1 17508 0 -32.7316
1 2 1 17512 0 206.887
1 2 1 17515 0 62.02
1 2 1 17518 0 430.158
1 2 1 17525 0 252.942
1 2 1 17529 0 242.381
1 2 1 17530 0 266.372
1 2 1 17531 0 384.298
1 2 1 17535 0 355.065
1 2 1 17541 0 -236.871
1 2 1 17548 0 -41.5267
1 2 1 17557 0 23.0284
1 2 1 17560 0 -262.699
1 2 1 17561 0 359.306
1 2 1 17564 0 23.7104
1 2 1 17572 0 404.927
1 2 1 17573 0 78.5609
1 2 1 17574 0 120.956
1 2 1 17576 0 63.3274
1 2 1 17581 0 39.6435
1 2 1 17596 0 156.227
1 2 1 17597 0 4.64626
1 2 1 17599 0 125.106
1 2 1 17601 0 337.689
1 2 1 17607 0 78.3191
1 2 1 17619 0 49.9957
1 2 1 17621 0 193.65
1 2 1 17625 0 254.668
1 2 1 17626 0 83.3902
1 2 1 17634 0 526.005
1 2 1 17641 0 510.184
1 2 1 17644 0 343.952
1 2 1 17648 0 332.401
1 2 1 17649 0 695.937
1 2 1 17652 0 24.8117
1 2 1 17658 0 429.94
1 2 1 17664 0 509.414
1 2 1 17666 0 481.739
1 2 1 17669 0 140.984
1 2 1 17674 0 293.832
1 2 1 17677 0 275.958
1 2 1 17682 0 414.399
1 2 1 17683 0 42.6626
1 2 1 17685 0 372.547
1 2 1 17688 0 63.2401
1 2 1 17689 0 171.869
1 2 1 17691 0 212.508
1 2 1 17699 0 56.317
1 2 1 17703 0 473.474
1 2 1 17714 0 -11.3973
1 2 1 17730 0 112.335
1 2 1 17732 0 138.912
1 2 1 17738 0 602.494
1 2 1 17739 0 258.948
1 2 1 17744 0 118.558
1 2 1 17745 0 328.01
1 2 1 17747 0 155.582
1 2 1 17751 0 322.725
1 2 1 17753 0 222.898
1 2 1 17754 0 141.388
1 2 1 17757 0 59.6357
1 2 1 17758 0 244.183
1 2 1 17762 0 111.301
1 2 1 17765 0 -21.9846
1 2 1 17767 0 479.518
1 2 1 17769 0 233.775
1 2 1 17776 0 277.983
1 2 1 17777 0 208.543
1 2 1 17778 0 252.546
1 2 1 17779 0 74.8399
1 2 1 17780 0 251.974
1 2 1 17781 0 69.7741
1 2 1 17786 0 -328.362
1 2 1 17788 0 168.795
1 2 1 17792 0 -44.6981
1 2 1 17802 0 136.463
1 2 1 17805 0 324.629
1 2 1 17817 0 -120.431
1 2 1 17819 0 204.494
1 2 1 17821 0 96.602
1 2 1 17823 0 84.1966
1 2 1 17824 0 -4.18972
1 2 1 17825 0 -199.867
1 2 1 17832 0 -334.368
1 2 1 17835 0 200.14
1 2 1 17836 0 23.7544
1 2 1 17838 0 81.6723
1 2 1 17840 0 134.759
1 2 1 17841 0 241.022
1 2 1 17843 0 31.3017
1 2 1 17844 0 -55.6722
1 2 1 17845 0 78.0156
1 2 1 17847 0 199.253
1 2 1 17851 0 28.5207
1 2 1 17853 0 -201.041
1 2 1 17863 0 441.833
1 2 1 17867 0 326.385
1 2 1 17868 0 66.839
1 2 1 17869 0 295.332
1 2 1 17875 0 190.674
1 2 1 17876 0 353.531
1 2 1 17883 0 95.2303
1 2 1 17884 0 706.822
1 2 1 17890 0 145.152
1 2 1 17892 0 608.62
1 2 1 17899 0 542.749
1 2 1 17902 0 364.907
1 2 1 17906 0 369.585
1 2 1 17911 0 284.537
1 2 1 17912 0 484.129
1 2 1 17917 0 318.829
1 2 1 17926 0 214.938
1 2 1 17928 0 238.28
1 2 1 17932 0 289.706
1 2 1 17936 0 486.946
1 2 1 17938 0 363.281
1 2 1 17942 0 396.49
1 2 1 17943 0 37.6068
1 2 1 17946 0 129.344
1 2 1 17953 0 68.721
1 2 1 17963 0 -246.627
1 2 1 17965 0 -7.97367
1 2 1 17966 0 -93.9029
1 2 1 17974 0 115.765
1 2 1 17975 0 -325.767
1 2 1 17980 0 69.9589
1 2 1 17985 0 193.09
1 2 1 17990 0 -46.0081
1 2 1 17993 0 42.4385
1 2 1 17999 0 14.8114
1 2 1 18001 0 522.571
1 2 1 18003 0 228.115
1 2 1 18006 0 -73.7913
1 2 1 18009 0 30.3836
1 2 1 18011 0 -148.264
1 2 1 18014 0 41.6698
1 2 1 18017 0 -139.905
1 2 1 18019 0 223.187
1 2 1 18023 0 273.478
1 2 1 18029 0 335.607
1 2 1 18034 0 -154.237
1 2 1 18048 0 231.412
1 2 1 18057 0 529.196
1 2 1 18060 0 230.837
1 2 1 18062 0 150.61
1 2 1 18074 0 -82.591
1 2 1 18076 0 254.113
1 2 1 18078 0 282.62
1 2 1 18079 0 699.624
1 2 1 18080 0 415.624
1 2 1 18084 0 416.593
1 2 1 18086 0 315.612
1 2 1 18087 0 310.273
1 2 1 18091 0 13.0565
1 2 1 18094 0 -67.0944
1 2 1 18109 0 353.282
1 2 1 18116 0 415.855
1 2 1 18119 0 161.077
1 2 1 18135 0 68.3122
1 2 1 18136 0 14.6142
1 2 1 18137 0 349.492
1 2 1 18138 0 249.594
1 2 1 18142 0 99.7563
1 2 1 18143 0 134.449
1 2 1 18145 0 322.051
1 2 1 18150 0 134.666
1 2 1 18161 0 225.847
1 2 1 18163 0 568.908
1 2 1 18165 0 21.4627
1 2 1 18167 0 306.289
1 2 1 18170 0 212.646
1 2 1 18174 0 186.301
1 2 1 18179 0 344.526
1 2 1 18181 0 253.016
1 2 1 18183 0 -115.991
1 2 1 18184 0 110.666
1 2 1 18186 0 142.917
1 2 1 18190 0 -89.7096
1 2 1 18201 0 153.473
1 2 1 18206 0 46.1365
1 2 1 18207 0 98.2266
1 2 1 18209 0 187.462
1 2 1 18211 0 419.749
1 2 1 18220 0 192.35
1 2 1 18225 0 151.692
1 2 1 18229 0 -110.733
1 2 1 18236 0 327.659
1 2 1 18247 0 35.0891
1 2 1 18249 0 304.993
1 2 1 18251 0 466.953
1 2 1 18271 0 225.896
1 2 1 18273 0 364.78
1 2 1 18275 0 -57.7721
1 2 1 18287 0 496.28
1 2 1 18295 0 331.396
1 2 1 18297 0 200.91
1 2 1 18301 0 53.3505
1 2 1 18302 0 110.113
1 2 1 18303 0 48.5765
1 2 1 18305 0 222.891
1 2 1 18316 0 259.725
1 2 1 18322 0 336.548
1 2 1 18324 0 -9.77986
1 2 1 18333 0 278.465
1 2 1 18336 0 330.221
1 2 1 18338 0 331.906
1 2 1 18339 0 96.8465
1 2 1 18340 0 -125.154
1 2 1 18349 0 -325.806
1 2 1 18352 0 157.934
1 2 1 18360 0 49.6476
1 2 1 18361 0 -39.2035
1 2 1 18362 0 327.611
1 2 1 18373 0 400.37
1 2 1 18380 0 605.335
1 2 1 18382 0 54.2196
1 2 1 18387 0 454.303
1 2 1 18392 0 58.6161
1 2 1 18394 0 418.147
1 2 1 18396 0 290.004
1 2 1 18399 0 216.713
1 2 1 18401 0 210.863
1 2 1 18402 0 23.5893
1 2 1 18405 0 20.5607
1 2 1 18413 0 516.479
1 2 1 18416 0 240.531
1 2 1 18418 0 376.182
1 2 1 18419 0 456.464
1 2 1 18431 0 248.89
1 2 1 18432 0 412.979
1 2 1 18433 0 -186.556
1 2 1 18438 0 94.0237
1 2 1 18440 0 56.4338
1 2 1 18442 0 490.329
1 2 1 18443 0 -134.256
1 2 1 18448 0 192.543
1 2 1 18459 0 -256.942
1 2 1 18460 0 -35.1037
1 2 1 18467 0 149.383
1 2 1 18469 0 -56.0204
1 2 1 18471 0 398.39
1 2 1 18481 0 408.421
1 2 1 18482 0 513.797
1 2 1 18485 0 23.0352
1 2 1 18491 0 206.613
1 2 1 18493 0 341.094
1 2 1 18494 0 75.5327
1 2 1 18495 0 -21.1781
1 2 1 18498 0 -14.8272
1 2 1 18502 0 -36.0544
1 2 1 18506 0 -7.36372
1 2 1 18510 0 -124.622
1 2 1 18519 0 74.6259
1 2 1 18520 0 366.49
1 2 1 18542 0 -119.309
1 2 1 18549 0 386.99
1 2 1 18551 0 12.4579
1 2 1 18553 0 -73.845
1 2 1 18563 0 36.008
1 2 1 18566 0 -110.538
1 2 1 18567 0 7.69516
1 2 1 18568 0 273.931
1 2 1 18569 0 289.199
1 2 1 18571 0 134.79
1 2 1 18574 0 326.647
1 2 1 18579 0 -47.5774
1 2 1 18581 0 -7.35723
1 2 1 18582 0 11.0963
1 2 1 18596 0 591.691
1 2 1 18600 0 -130.594
1 2 1 18602 0 247.386
1 2 1 18604 0 378.774
1 2 1 18608 0 420.396
1 2 1 18610 0 418.949
1 2 1 18613 0 386.529
1 2 1 18615 0 173.151
1 2 1 18620 0 89.3875
1 2 1 18623 0 64.9958
1 2 1 18625 0 73.6398
1 2 1 18629 0 -125.342
1 2 1 18637 0 459.408
1 2 1 18642 0 186.452
1 2 1 18646 0 250.484
1 2 1 18653 0 437.674
1 2 1 18655 0 327.7
1 2 1 18660 0 228.59
1 2 1 18664 0 -175.181
1 2 1 18666 0 31.8511
1 2 1 18677 0 427.348
1 2 1 18691 0 344.257
1 2 1 18692 0 210.852
1 2 1 18698 0 52.015
1 2 1 18701 0 153.94
1 2 1 18707 0 47.8669
1 2 1 18710 0 -155.052
1 2 1 18711 0 -438.444
1 2 1 18712 0 -91.1003
1 2 1 18713 0 52.4011
1 2 1 18719 0 213.649
1 2 1 18720 0 380.001
1 2 1 18721 0 396.591
1 2 1 18722 0 335.054
1 2 1 18733 0 -117.475
1 2 1 18739 0 -150.14
1 2 1 18743 0 -155.828
1 2 1 18747 0 45.1043
1 2 1 18750 0 191.886
1 2 1 18752 0 294.644
1 2 1 18757 0 52.7815
1 2 1 18758 0 179.52
1 2 1 18759 0 374.046
1 2 1 18765 0 334.552
1 2 1 18767 0 109.129
1 2 1 18770 0 50.2839
1 2 1 18775 0 617.15
1 2 1 18778 0 -82.104
1 2 1 18780 0 189.151
1 2 1 18787 0 326.231
1 2 1 18788 0 151.398
1 2 1 18795 0 563.533
1 2 1 18802 0 168.595
1 2 1 18803 0 259.111
1 2 1 18809 0 524.109
1 2 1 18818 0 -73.8161
1 2 1 18828 0 143.373
1 2 1 18830 0 -113.968
1 2 1 18834 0 57.501
1 2 1 18840 0 95.6718
1 2 1 18847 0 246.27
1 2 1 18850 0 293.675
1 2 1 18853 0 -76.9834
1 2 1 18858 0 107.855
1 2 1 18860 0 50.1244
1 2 1 18863 0 90.738
1 2 1 18866 0 293.385
1 2 1 18887 0 53.5242
1 2 1 18897 0 45.6717
1 2 1 18900 0 312.616
1 2 1 18902 0 95.2424
1 2 1 18903 0 424.648
1 2 1 18914 0 -276.949
1 2 1 18920 0 308.045
1 2 1 18923 0 -101.718
1 2 1 18924 0 30.9405
1 2 1 18930 0 184.923
1 2 1 18932 0 -213.619
1 2 1 18933 0 263.605
1 2 1 18941 0 89.5454
1 2 1 18943 0 -257.84
1 2 1 18948 0 169.322
1 2 1 18950 0 -236.041
1 2 1 18951 0 135.943
1 2 1 18952 0 60.956
1 2 1 18953 0 14.7621
1 2 1 18955 0 -251.825
1 2 1 18967 0 189.823
1 2 1 18968 0 -275.072
1 2 1 18970 0 248.898
1 2 1 18995 0 472.283
1 2 1 18996 0 176.689
1 2 1 19001 0 500.789
1 2 1 19008 0 601.486
1 2 1 19011 0 -39.1566
1 2 1 19014 0 473.685
1 2 1 19015 0 552.387
1 2 1 19023 0 437.507
1 2 1 19025 0 144.969
1 2 1 19026 0 475.569
1 2 1 19033 0 559.251
1 2 1 19036 0 142.784
1 2 1 19040 0 290.172
1 2 1 19044 0 -127.338
1 2 1 19052 0 564.452
1 2 1 19058 0 228.065
1 2 1 19060 0 330.183
1 2 1 19061 0 295.469
1 2 1 19063 0 106.936
1 2 1 19064 0 321.091
1 2 1 19069 0 189.62
1 2 1 19074 0 -77.867
1 2 1 19075 0 44.4282
1 2 1 19081 0 482.092
1 2 1 19084 0 298.331
1 2 1 19087 0 169.646
1 2 1 19090 0 237.592
1 2 1 19091 0 29.1777
1 2 1 19101 0 203.067
1 2 1 19103 0 388.902
1 2 1 19104 0 318.51
1 2 1 19108 0 166.835
1 2 1 19112 0 441.029
1 2 1 19115 0 344.079
1 2 1 19119 0 150.73
1 2 1 19121 0 400.721
1 2 1 19123 0 437.147
1 2 1 19125 0 184.521
1 2 1 19128 0 159.089
1 2 1 19130 0 425.621
1 2 1 19131 0 237.33
1 2 1 19136 0 308.935
1 2 1 19138 0 473.71
1 2 1 19146 0 582.137
1 2 1 19147 0 182.096
1 2 1 19149 0 115.786
1 2 1 19150 0 505.409
1 2 1 19157 0 -5.49147
1 2 1 19160 0 -158.768
1 2 1 19163 0 298.129
1 2 1 19164 0 305.367
1 2 1 19169 0 -61.0607
1 2 1 19170 0 187.299
1 2 1 19178 0 -40.5372
1 2 1 19180 0 378.974
1 2 1 19185 0 -108.102
1 2 1 19186 0 -115.607
1 2 1 19188 0 338.598
1 2 1 19190 0 -105.44
1 2 1 19192 0 290.083
1 2 1 19194 0 234.367
1 2 1 19206 0 279.152
1 2 1 19210 0 235.412
1 2 1 19212 0 422.75
1 2 1 19215 0 -26.4646
1 2 1 19219 0 -42.3042
1 2 1 19223 0 166.926
1 2 1 19228 0 358.143
1 2 1 19229 0 -160.533
1 2 1 19235 0 214.118
1 2 1 19241 0 398.916
1 2 1 19244 0 139.158
1 2 1 19255 0 300.857
1 2 1 19258 0 -37.9399
1 2 1 19259 0 -243.819
1 2 1 19270 0 56.4284
1 2 1 19275 0 267.851
1 2 1 19277 0 295.435
1 2 1 19280 0 407.781
1 2 1 19286 0 41.8806
1 2 1 19289 0 -63.0941
1 2 1 19295 0 497.078
1 2 1 19298 0 -191.864
1 2 1 19299 0 -54.0669
1 2 1 19302 0 -331.186
1 2 1 19303 0 360.581
1 2 1 19306 0 -381.023
1 2 1 19307 0 -244.078
1 2 1 19313 0 -242.095
1 2 1 19314 0 72.1279
1 2 1 19319 0 -304.892
1 2 1 19325 0 210.359
1 2 1 19326 0 162.833
1 2 1 19329 0 45.3044
1 2 1 19331 0 296.798
1 2 1 19336 0 -26.6333
1 2 1 19340 0 -106.708
1 2 1 19344 0 -447.469
1 2 1 19350 0 331.162
1 2 1 19352 0 175.199
1 2 1 19353 0 36.8771
1 2 1 19355 0 -37.8272
1 2 1 19359 0 222.57
1 2 1 19361 0 277.565
1 2 1 19367 0 -205.839
1 2 1 19369 0 -223.177
1 2 1 19371 0 392.982
1 2 1 19374 0 -177.606
1 2 1 19375 0 203.419
1 2 1 19396 0 1.25233
1 2 1 19402 0 316.536
1 2 1 19406 0 69.928
1 2 1 19408 0 6.10788
1 2 1 19410 0 -138.791
1 2 1 19416 0 205.337
1 2 1 19417 0 124.743
1 2 1 19420 0 127.688
1 2 1 19425 0 399.609
1 2 1 19428 0 -122.663
1 2 1 19429 0 179.233
1 2 1 19432 0 255.955
1 2 1 19433 0 -32.2481
1 2 1 19437 0 119.88
1 2 1 19442 0 -315.191
1 2 1 19444 0 -3.57885
1 2 1 19447 0 438.016
1 2 1 19452 0 358.372
1 2 1 19455 0 159.193
1 2 1 19458 0 62.6354
1 2 1 19459 0 483.952
1 2 1 19462 0 817.249
1 2 1 19466 0 472.788
1 2 1 19468 0 567.774
1 2 1 19470 0 173.764
1 2 1 19473 0 -141.07
1 2 1 19474 0 -26.6879
1 2 1 19476 0 244.187
1 2 1 19477 0 430.134
1 2 1 19481 0 372.919
1 2 1 19483 0 435.618
1 2 1 19491 0 291.398
1 2 1 19493 0 398.986
1 2 1 19494 0 352.968
1 2 1 19497 0 484.512
1 2 1 19498 0 239.327
1 2 1 19499 0 605.633
1 2 1 19500 0 206.307
1 2 1 19501 0 426.896
1 2 1 19508 0 246.907
1 2 1 19509 0 413.604
1 2 1 19510 0 404.974
1 2 1 19511 0 758.489
1 2 1 19518 0 311.3
1 2 1 19523 0 123.981
1 2 1 19525 0 433.688
1 2 1 19530 0 276.623
1 2 1 19534 0 414.306
1 2 1 19537 0 460.671
1 2 1 19543 0 -29.323
1 2 1 19544 0 123.641
1 2 1 19547 0 158.894
1 2 1 19549 0 466.654
1 2 1 19551 0 63.0861
1 2 1 19555 0 403.123
1 2 1 19557 0 288.285
1 2 1 19558 0 551.467
1 2 1 19562 0 252.421
1 2 1 19563 0 385.844
1 2 1 19567 0 9.56888
1 2 1 19568 0 -125.62
1 2 1 19569 0 342.096
1 2 1 19576 0 351.723
1 2 1 19584 0 38.4322
1 2 1 19585 0 20.0247
1 2 1 19590 0 202.52
1 2 1 19598 0 90.7231
1 2 1 19600 0 -83.4331
1 2 1 19602 0 285.687
1 2 1 19606 0 -84.1628
1 2 1 19608 0 22.7129
1 2 1 19614 0 -35.3557
1 2 1 19615 0 -96.1516
1 2 1 19618 0 506.714
1 2 1 19631 0 296.797
1 2 1 19633 0 235.174
1 2 1 19636 0 42.3561
1 2 1 19641 0 5.26794
1 2 1 19642 0 221.043
1 2 1 19647 0 461.084
1 2 1 19653 0 226.914
1 2 1 19655 0 378.868
1 2 1 19657 0 337.951
1 2 1 19658 0 104.353
1 2 1 19666 0 -92.1741
1 2 1 19670 0 -28.2225
1 2 1 19671 0 176.459
1 2 1 19676 0 -99.7495
1 2 1 19677 0 164.191
1 2 1 19681 0 464.147
1 2 1 19683 0 0.490686
1 2 1 19690 0 -41.0267
1 2 1 19691 0 166.175
1 2 1 19694 0 177.467
1 2 1 19698 0 392.095
1 2 1 19700 0 695.137
1 2 1 19707 0 247.568
1 2 1 19709 0 165.935
1 2 1 19713 0 7.90595
1 2 1 19714 0 -131.469
1 2 1 19717 0 214.688
1 2 1 19724 0 244.64
1 2 1 19727 0 -20.8673
1 2 1 19742 0 540.773
1 2 1 19753 0 -186.461
1 2 1 19755 0 -171.428
1 2 1 19756 0 194.534
1 2 1 19757 0 56.1439
1 2 1 19763 0 200.359
1 2 1 19764 0 90.1337
1 2 1 19766 0 83.6627
1 2 1 19769 0 125.86
1 2 1 19770 0 -34.6242
1 2 1 19776 0 206.674
1 2 1 19784 0 464.044
1 2 1 19786 0 168.951
1 2 1 19797 0 3.96385
1 2 1 19799 0 173.054
1 2 1 19800 0 -142.613
1 2 1 19805 0 629.793
1 2 1 19808 0 -184.325
1 2 1 19815 0 -50.6388
1 2 1 19817 0 269.541
1 2 1 19818 0 136.282
1 2 1 19819 0 146.795
1 2 1 19821 0 -73.1357
1 2 1 19830 0 217.496
1 2 1 19835 0 163.563
1 2 1 19843 0 236.942
1 2 1 19847 0 200.603
1 2 1 19849 0 -173.865
1 2 1 19850 0 438.3
1 2 1 19853 0 -230.156
1 2 1 19861 0 155.731
1 2 1 19863 0 270.587
1 2 1 19866 0 -274.166
1 2 1 19873 0 387.315
1 2 1 19879 0 224.775
1 2 1 19881 0 -213.166
1 2 1 19882 0 -86.6643
1 2 1 19885 0 586.235
1 2 1 19893 0 66.0946
1 2 1 19895 0 446.866
1 2 1 19909 0 534.162
1 2 1 19918 0 407.391
1 2 1 19927 0 -165.187
1 2 1 19931 0 -126.592
1 2 1 19937 0 -399.307
1 2 1 19939 0 89.4069
1 2 1 19940 0 -583.917
1 2 1 19945 0 158.614
1 2 1 19953 0 168.007
1 2 1 19959 0 131.649
1 2 1 19971 0 122.156
1 2 1 19973 0 175.608
1 2 1 19980 0 114.725
1 2 1 19984 0 109.415
1 2 1 19985 0 -116.813
1 2 1 19990 0 -179.613
1 2 1 19996 0 150.93
1 2 1 19998 0 404.144
1 2 1 20006 0 415.366
1 2 1 20008 0 366.256
1 2 1 20009 0 268.305
1 2 1 20012 0 154.879
1 2 1 20017 0 87.8099
1 2 1 20023 0 594.589
1 2 1 20037 0 267.909
1 2 1 20040 0 -24.4577
1 2 1 20043 0 320.136
1 2 1 20046 0 -170.776
1 2 1 20051 0 547.414
1 2 1 20056 0 -81.4937
1 2 1 20057 0 -39.6568
1 2 1 20059 0 284.496
1 2 1 20061 0 -183.505
1 2 1 20064 0 -67.2865
1 2 1 20066 0 208.502
1 2 1 20071 0 -34.3523
1 2 1 20075 0 -189.816
1 2 1 20077 0 92.1624
1 2 1 20080 0 206.692
1 2 1 20087 0 295.93
1 2 1 20093 0 158.551
1 2 1 20095 0 -213.866
1 2 1 20096 0 114.789
1 2 1 20099 0 34.7967
