4104 1 -1584.03502 1.94364
4123 1 -1220.60346 0.32261
4125 1 -4367.64766 0.31403
4129 1 -964.11084 0.30168
4130 1 -507.71934 1.90909
4143 1 -4299.13739 0.32762
4149 1 -273.90995 0.30886
4154 1 151.22413 1.92342
4158 1 -535.19628 1.93967
4168 1 -881.81554 1.92867
4187 1 -591.24315 0.30956
4207 1 1991.16808 0.31106
4209 1 -2694.69941 0.31065
4212 1 323.80099 1.92305
4222 1 -565.54276 1.92563
4225 1 -1676.96274 0.31984
4232 1 -933.83252 1.94265
4241 1 -6458.62242 0.31733
4244 1 -1230.06492 1.94316
4256 1 326.04340 1.91207
4261 1 -156.92838 3.50724
4274 1 -1242.24862 1.91245
4291 1 -62.32742 3.50674
4294 1 -292.34172 1.91513
4300 1 935.26885 1.91684
4303 1 3119.85439 0.31733
4304 1 -213.27631 1.93286
4306 1 23.08739 1.92114
4307 1 -452.29576 3.50818
4315 1 2187.89503 0.31984
4324 1 706.31368 1.91685
4329 1 -713.67312 0.30168
4345 1 3575.95980 0.32862
4347 1 1417.11003 0.30168
4351 1 790.78312 3.50812
4352 1 96.60488 1.90956
4355 1 9318.70573 0.32862
4356 1 1098.21972 1.90513
4360 1 -230.14455 1.90783
4366 1 -96.45566 1.91128
4371 1 -2047.51421 0.30886
4373 1 2840.63929 0.31460
4393 1 852.70788 0.31403
4406 1 340.46344 1.92169
4412 1 2429.78718 1.94065
4417 1 5747.24558 0.31581
4425 1 -495.46162 0.30758
4429 1 337.79698 0.32296
4434 1 -0.37595 1.91728
4435 1 -543.61436 0.30726
4438 1 -300.15412 1.91276
4449 1 442.77652 0.31259
4453 1 144.03135 0.31470
4471 1 3210.20872 0.31046
4480 1 1267.07376 2.17391
4487 1 -493.43189 0.30758
4503 1 -1662.50699 0.30608
4509 1 -2419.56432 0.30608
4511 1 1840.46882 0.32623
4513 1 -323.22342 3.50609
4517 1 -3727.42108 0.30705
4521 1 -1647.09236 0.31046
4555 1 -236.50198 0.31733
4571 1 -1404.26212 0.30956
4576 1 -1346.70470 1.91271
4583 1 -4785.67443 0.30651
4621 1 -637.90871 0.32448
4626 1 183.31953 1.93564
4627 1 -10300.60768 0.31733
4637 1 -5688.97573 0.32862
4638 1 -1182.24926 1.91716
4643 1 -4931.49634 0.30758
4654 1 842.21664 1.93698
4656 1 384.18136 1.93690
4657 1 -1811.08056 0.31984
4668 1 -790.08070 1.92590
4669 1 -111.62371 0.32282
4677 1 -5747.46942 0.31470
4682 1 45.97100 1.91914
4685 1 -6318.90417 0.33322
4687 1 -3399.90032 0.31259
4693 1 -2962.09046 0.32762
4714 1 -743.24484 1.90557
4724 1 -1785.92868 1.94141
4730 1 -646.95492 1.89938
4742 1 65.02468 1.92044
4745 1 -796.25775 0.32448
4749 1 -3800.60435 0.31470
4753 1 885.77847 0.31356
4754 1 895.03277 1.92752
4766 1 -383.91156 1.93363
4769 1 1881.56936 0.30794
4773 1 -3614.71029 0.31842
4788 1 -352.63584 1.92549
4795 1 2917.09058 0.30758
4829 1 471.54626 0.30794
4830 1 -855.26882 1.94039
4833 1 1526.94955 0.31470
4851 1 3897.99736 0.31733
4855 1 -2106.00490 0.30758
4876 1 -325.92029 1.94385
4877 1 -817.28558 0.30956
4882 1 158.75144 1.90636
4884 1 -1414.76901 1.92026
4891 1 -1123.65078 0.31842
4905 1 -2071.75235 0.30608
4934 1 -614.78599 1.90899
4941 1 -1328.61792 0.31065
4951 1 5957.06087 0.32296
4953 1 1133.37663 0.32296
4955 1 -3268.17032 0.31460
4956 1 -12.43526 1.90963
4964 1 -626.57833 1.95267
4965 1 2844.85957 0.32619
4978 1 -1218.41088 1.93119
4998 1 -89.75508 1.92501
4999 1 -4843.39721 0.31046
5000 1 -564.49190 1.91249
5005 1 -339.32383 0.31470
5007 1 -2955.13431 0.30726
5018 1 -349.78502 1.92667
5021 1 -1997.22875 0.30886
5038 1 -802.32081 1.92648
5048 1 -250.94488 1.93724
5054 1 -693.34075 1.93798
5065 1 -192.51479 0.31046
5069 1 -1639.03033 0.30794
5089 1 1812.16710 0.32448
5092 1 446.00089 1.94079
5095 1 443.66304 3.50908
5105 1 675.28211 3.53666
5111 1 1537.46401 0.32762
5123 1 -4726.91673 0.30608
5137 1 -866.88324 0.31065
5138 1 679.91407 1.91070
5141 1 2480.62483 0.31460
5146 1 -346.15173 1.91044
5159 1 2269.33877 0.32623
5163 1 7534.03222 0.32762
5166 1 -737.18510 1.90780
5168 1 111.41121 1.92801
5197 1 -5025.39073 0.31065
5209 1 -977.13257 0.30886
5214 1 1243.57212 1.95821
5216 1 1995.83059 1.92031
5223 1 500.95405 0.30608
5229 1 -2524.29448 0.31984
5231 1 -2565.19298 0.31356
5238 1 780.98928 1.90724
5239 1 -3493.77979 0.32623
5255 1 850.20166 0.32448
5260 1 -849.57955 1.90580
5280 1 1175.12014 2.20780
5294 1 -15.47117 1.94166
5295 1 -270.25812 0.30651
5309 1 -1942.14892 0.31470
5325 1 1597.74213 0.33322
5335 1 -160.60460 0.30705
5336 1 929.66530 1.94692
5338 1 -439.14406 1.91075
5348 1 521.65682 1.89923
5349 1 4301.32359 0.31842
5368 1 1549.54844 1.92882
5369 1 -865.71432 0.30794
5378 1 295.40078 1.91300
5406 1 -506.63189 1.90811
5417 1 3206.90508 0.31581
5423 1 -165.39637 0.31106
5431 1 1466.21423 0.32296
5434 1 -655.59171 1.92299
5436 1 827.37513 1.90664
5441 1 149.61650 0.31733
5454 1 -46.78258 1.95688
5456 1 45.63986 1.93681
5458 1 -985.35302 1.94046
5462 1 884.08930 1.92023
5467 1 6610.12704 0.32623
5475 1 1757.30319 0.30758
5481 1 -3838.34164 0.30956
5487 1 542.17960 3.55072
5498 1 183.11678 1.91939
5499 1 1185.20314 0.30168
5501 1 947.19150 0.30726
5508 1 -251.86842 1.91744
5511 1 -306.40477 0.30608
5520 1 -188.53975 1.91082
5532 1 456.07338 1.90951
5539 1 -4208.65675 0.31470
5543 1 -2592.19073 0.33322
5547 1 -5261.92531 0.32282
5555 1 213.88027 3.55074
5556 1 878.12070 1.90971
5559 1 -104.07638 3.50875
5561 1 -5214.36466 0.32619
5564 1 911.17464 1.91268
5565 1 2097.11324 0.31460
5567 1 -3038.60812 0.32282
5570 1 71.48498 1.90043
5591 1 458.62523 3.50956
5597 1 -4471.13368 0.30705
5606 1 1681.62777 1.91396
5616 1 902.28224 1.91950
5619 1 103.06763 3.50787
5639 1 -567.21786 0.30794
5642 1 317.06099 1.91515
5645 1 -3064.28495 0.32619
5657 1 -719.91210 0.31259
5659 1 -3964.88064 0.31356
5660 1 846.82497 1.93909
5665 1 -2020.94090 0.31065
5679 1 -3341.62144 0.30168
5685 1 1663.71665 0.32762
5699 1 -1515.90262 0.32623
5719 1 -2139.34060 0.30886
5720 1 -1825.21505 1.95346
5728 1 687.36202 1.92598
5731 1 5240.81216 0.31106
5732 1 1441.36999 1.94392
5738 1 547.33802 1.89907
5749 1 3078.79960 0.30168
5751 1 1786.63429 0.30956
5772 1 34.43291 1.93783
5773 1 -1790.31359 0.31259
5782 1 -1469.42442 1.93618
5807 1 -1528.60254 0.31470
5809 1 -840.07139 0.32261
5817 1 -1481.78554 0.30758
5818 1 -532.32159 1.94128
5819 1 -433.63085 0.33322
5820 1 -1187.58501 1.92504
5834 1 838.11059 1.93955
5847 1 1697.16886 0.33322
5855 1 -4130.33533 0.31984
5871 1 -126.26890 3.50782
5881 1 7605.30972 0.32762
5883 1 -1821.38751 0.32448
5888 1 529.70205 1.95370
5891 1 -135.17204 3.52057
5895 1 370.12274 3.52232
5896 1 247.76714 2.16343
5915 1 442.86467 0.31403
5917 1 2542.80655 0.30726
5923 1 134.30923 3.50640
5930 1 891.67653 1.92164
5942 1 -352.84790 1.91913
5965 1 -1583.72519 0.31259
5975 1 3637.50388 0.31403
5976 1 282.84563 1.91187
5986 1 505.98377 1.94061
5987 1 -3736.53422 0.30956
5994 1 -850.36189 1.93600
6012 1 -661.89914 1.93388
6015 1 -6121.92023 0.30886
6017 1 -5471.62953 0.31470
6023 1 -3640.97065 0.30168
6036 1 125.49078 1.90781
6038 1 560.24312 2.19150
6042 1 2009.81165 2.20721
6049 1 3657.69740 0.32296
6057 1 3239.96235 0.32448
6059 1 -2196.68346 0.30726
6067 1 -4659.59242 0.32862
6069 1 -2135.64127 0.30758
6078 1 697.62694 1.94454
6105 1 4491.83278 0.31403
6108 1 256.29481 1.90740
6125 1 -2946.79415 0.30956
6131 1 971.08127 3.50839
6135 1 3211.18943 0.31842
6152 1 657.58059 1.90978
6160 1 733.92597 1.90809
6164 1 -1331.42437 1.93113
6178 1 201.83648 1.90697
6190 1 680.35250 1.90768
6192 1 -939.43833 1.93826
6207 1 2314.61001 0.32448
6213 1 -370.09635 0.30726
6219 1 1363.62818 0.31581
6223 1 -2520.72236 0.30608
6235 1 1590.90138 0.32619
6240 1 -266.56563 1.91709
6252 1 103.33595 1.93881
6255 1 -1763.74427 0.31733
6270 1 549.86908 1.94549
6271 1 -4614.78634 0.31046
6280 1 -765.38029 1.90683
6283 1 -2576.13278 0.31581
6292 1 415.51718 1.90862
6294 1 -211.30929 1.92016
6299 1 -1617.06134 0.31733
6303 1 1013.14892 0.31581
6309 1 -2468.06619 0.31733
6324 1 -559.99570 1.91236
6341 1 -970.51663 0.30956
6343 1 -3855.67662 0.30726
6348 1 -1367.56336 1.91210
6352 1 -1176.53062 1.90791
6361 1 -2222.63882 0.32619
6365 1 -6672.25978 0.31106
6390 1 -139.19800 1.93064
6392 1 -633.53270 1.91553
6397 1 -2843.51282 0.30794
6413 1 -7751.35845 0.31842
6422 1 170.87663 1.94803
6426 1 -939.20736 1.95951
6442 1 -602.22924 1.91364
6446 1 96.18487 1.91080
6452 1 -29.05730 1.91112
6455 1 -4197.25781 0.30168
6481 1 1256.94341 0.32296
6484 1 -1845.37857 1.93668
6486 1 -789.96700 1.93797
6495 1 -4158.89148 0.32619
6501 1 2458.25254 0.31403
6510 1 -472.52075 1.92973
6518 1 -1322.43728 1.91956
6529 1 59.31208 3.50795
6530 1 -280.73162 1.91592
6539 1 1107.97050 0.31460
6547 1 787.36090 0.33322
6570 1 717.78408 1.93694
6575 1 -1214.11712 3.50819
6588 1 -1023.91544 1.91346
6592 1 528.38552 1.93991
6593 1 -450.10507 0.30705
6615 1 -3878.84016 0.32282
6624 1 307.61314 1.93830
6626 1 -42.22375 1.91768
6632 1 261.80302 1.90931
6635 1 -1884.42904 0.32296
6638 1 -71.21190 1.94426
6642 1 859.02712 1.93867
6649 1 -1411.44617 3.50829
6651 1 368.23408 0.30794
6684 1 394.62825 1.91792
6693 1 4541.68476 0.32762
6694 1 1509.79526 1.91681
6715 1 135.99068 3.50919
6721 1 4247.96747 0.33004
6724 1 -194.05097 1.91995
6731 1 3204.64961 0.31842
6733 1 3272.91995 0.30758
6736 1 441.98114 1.91692
6752 1 -262.99129 1.92794
6757 1 1201.40289 0.31581
6761 1 -2539.06865 0.32282
6770 1 1236.19889 1.91179
6778 1 -167.48761 1.89761
6780 1 647.05171 1.92795
6785 1 3029.61076 0.31259
6794 1 -126.77677 1.91034
6803 1 1524.99169 0.30608
6812 1 52.77844 1.95128
6829 1 -3120.40996 0.32282
6835 1 -6164.76470 0.32862
6836 1 520.92479 1.91134
6839 1 -3509.07430 0.31356
6840 1 851.64678 1.94632
6841 1 -1633.58326 0.31403
6873 1 -2839.11342 0.32261
6888 1 -462.79450 1.93938
6891 1 -1487.00411 0.31470
6896 1 1476.50629 1.92616
6903 1 -2648.02573 0.30168
6910 1 -37.91157 1.90764
6916 1 1254.74649 1.94657
6926 1 1191.32556 2.20850
6928 1 -876.30835 1.95561
6933 1 2839.25328 0.30168
6938 1 1420.65354 1.95009
6944 1 617.05009 1.93749
6969 1 1305.21756 0.31460
6976 1 626.82162 1.90924
6987 1 -839.84462 3.50630
6988 1 482.03789 1.91379
6999 1 -3924.36306 0.32296
7004 1 -535.05099 1.92948
7006 1 -828.84705 1.92967
7022 1 -1003.97518 1.91139
7024 1 14.39292 1.93719
7031 1 2109.39222 0.32623
7034 1 693.04714 1.95314
7043 1 -1664.47811 0.31356
7048 1 -780.80724 1.91427
7057 1 -4500.56131 0.32862
7067 1 -6345.21682 0.32296
7085 1 -3793.79564 0.32261
7086 1 472.15772 1.94825
7091 1 -3435.08714 0.32619
7097 1 -7590.50471 0.31984
7099 1 -5917.87302 0.31984
7104 1 -996.66863 1.90872
7123 1 -1218.27980 0.32296
7128 1 -960.53627 1.93733
7130 1 -59.62667 1.93683
7141 1 -1731.41080 0.31106
7144 1 -810.08459 1.93803
7146 1 892.73688 1.91449
7162 1 201.93546 1.93108
7169 1 4183.38037 0.31733
7182 1 75.18566 1.94693
7188 1 -141.10436 1.91576
7194 1 -476.58804 1.92859
7204 1 -945.22994 1.95214
7208 1 -529.12740 1.90978
7226 1 -1153.33204 1.93571
7231 1 -4147.61959 0.33004
7242 1 -586.31498 1.89781
7244 1 -510.88855 1.94027
7245 1 -1103.60002 0.30758
7250 1 396.59604 1.91213
7255 1 -2569.81363 0.30608
7260 1 196.34900 1.93987
7275 1 -624.01718 0.31046
7276 1 -228.72049 1.95040
7309 1 1005.87617 0.30651
7318 1 396.34165 1.90842
7323 1 262.28253 3.50841
7327 1 376.39653 3.56682
7337 1 788.83642 3.64298
7339 1 3114.82654 0.32762
7341 1 965.21952 3.56542
7345 1 432.85926 3.59197
7346 1 303.66605 1.95534
7359 1 -85.96457 3.52195
7361 1 631.85380 3.53939
7365 1 382.90107 3.53597
7366 1 453.92095 1.93513
7367 1 644.67838 3.56628
7371 1 -385.39382 3.50667
7384 1 -496.28972 1.93591
7388 1 -219.77064 1.90988
7407 1 -3894.69793 0.31984
7411 1 -34.70610 0.31470
7413 1 -2706.51780 0.32261
7424 1 -545.75205 1.92313
7428 1 -282.91095 1.94054
7429 1 -1312.30629 0.31470
7444 1 -1576.56379 1.91920
7454 1 -673.63938 1.90986
7466 1 267.97286 1.92251
7471 1 1797.49757 0.31046
7477 1 609.19301 0.31065
7486 1 1284.95777 1.91185
7489 1 1676.95926 0.30866
7497 1 1287.83684 0.31374
7501 1 -138.72232 3.50734
7507 1 625.68088 0.30835
7509 1 419.92622 3.50830
7511 1 -1077.29661 3.50918
7513 1 141.54249 3.50953
7514 1 1514.88824 1.91482
7534 1 -31.94309 1.91172
7555 1 -1712.24648 0.31754
7559 1 -355.83044 0.30989
7560 1 -725.73169 1.94285
7575 1 -1437.23017 0.32925
7577 1 1145.91769 0.31374
7587 1 -6256.57659 0.31013
7601 1 -2790.06376 0.30668
7607 1 -4660.79899 0.31919
7611 1 -5777.35582 0.32271
7613 1 1333.41826 0.31966
7624 1 22.62260 1.92642
7628 1 0.71136 1.90758
7632 1 1634.59445 1.90775
7638 1 209.98271 1.91324
7644 1 1054.95506 1.92047
7653 1 2447.42315 0.30435
7684 1 -236.35134 1.92506
7685 1 -814.01897 0.32271
7688 1 1471.16578 1.91257
7692 1 550.35687 1.92030
7713 1 2688.14252 0.31966
7736 1 1305.55071 2.21616
7737 1 1049.36484 0.30933
7741 1 5242.78864 0.30636
7744 1 75.47727 1.90923
7745 1 -177.49207 3.50862
7759 1 -824.79940 3.50813
7764 1 521.82302 1.94100
7769 1 254.81164 0.31966
7780 1 503.99725 1.93216
7791 1 -278.73573 0.30635
7800 1 -727.43882 1.91374
7810 1 -507.94627 1.90271
7816 1 303.45541 1.93234
7822 1 285.37349 1.93544
7829 1 -276.10152 3.50990
7831 1 1250.85740 0.30835
7837 1 118.43211 0.32271
7842 1 275.45094 1.91642
7844 1 56.44178 1.90931
7877 1 -1159.74468 0.30636
7888 1 65.81531 1.90859
7890 1 1046.45784 1.91703
7892 1 -845.84016 1.93756
7893 1 -3103.10424 0.32373
7894 1 1457.35679 2.20794
7912 1 581.92706 1.90682
7915 1 933.34600 0.33441
7925 1 992.07683 0.33441
7933 1 799.09455 0.30668
7942 1 672.58147 1.91166
7950 1 -1215.63193 1.93272
7973 1 -695.63170 0.30635
7979 1 -3940.82793 0.30933
7983 1 -1759.87756 0.31943
7986 1 -1072.13082 1.91420
7991 1 2225.28765 0.32376
7995 1 -5752.54451 0.32897
8002 1 -12.12821 1.92421
8019 1 -622.65761 0.30866
8025 1 -197.91925 3.50770
8031 1 -626.71429 3.50836
8033 1 870.95283 3.55311
8041 1 -173.02867 3.52290
8042 1 1592.98215 1.91042
8045 1 1410.24880 0.32925
8051 1 1611.71425 0.31966
8053 1 -620.17019 3.50911
8060 1 174.09374 1.91143
8061 1 -975.97153 0.32015
8063 1 -176.87119 3.50679
8067 1 748.58426 3.53874
8069 1 -629.70661 3.50742
8077 1 819.91578 3.51004
8079 1 1119.68434 3.52078
8094 1 61.31360 1.95517
8095 1 -258.83202 3.50752
8098 1 -1125.07733 1.95789
8104 1 -87.26979 2.59869
8113 1 41.11530 0.61340
8120 1 567.48043 2.62093
8153 1 -1248.58509 0.58953
8175 1 258.84795 0.60042
8188 1 662.38249 2.61379
8192 1 386.32342 2.59655
8200 1 213.18780 2.61138
8202 1 -392.98084 2.59026
8226 1 -66.83054 2.59532
8239 1 309.82533 0.60865
8246 1 88.46553 2.59525
8248 1 -111.41392 2.58895
8250 1 1040.49367 2.61151
8258 1 7.18911 2.61144
8259 1 1577.48767 0.58934
8270 1 646.94484 2.58500
8278 1 642.94465 2.60679
8283 1 673.71994 0.59262
8286 1 -393.18851 2.60462
8292 1 208.56422 2.60089
8305 1 1050.70803 0.60558
8317 1 -365.13194 0.60716
8319 1 -196.34918 3.45344
8329 1 219.50622 3.45393
8333 1 1668.83683 0.58992
8349 1 601.22901 0.60849
8352 1 526.11799 2.60631
8357 1 -2709.92529 0.59551
8368 1 576.94342 2.59364
8369 1 943.01048 0.59179
8385 1 236.09053 0.60550
8387 1 972.58161 0.60290
8407 1 -889.44342 0.59528
8408 1 -371.08538 2.62137
8410 1 -736.43165 2.61779
8415 1 -943.15132 0.58998
8426 1 1307.02847 2.59369
8442 1 -486.43261 2.59194
8455 1 -320.23236 3.45304
8461 1 697.61564 3.45397
8469 1 539.13374 0.59280
8470 1 580.45959 2.59297
8471 1 -831.75292 0.59023
8475 1 940.26888 0.59865
8478 1 222.71615 2.61023
8487 1 23.71275 3.45282
8489 1 -715.27536 3.45211
8507 1 -1232.53570 0.61350
8509 1 -1113.01906 0.59139
8543 1 641.73572 0.59141
8547 1 505.99598 0.59003
8552 1 158.78653 2.58832
8554 1 1312.75400 2.61047
8564 1 -762.49436 2.58343
8567 1 -140.97637 0.59652
8582 1 -460.07255 2.59820
8604 1 255.83898 2.58352
8606 1 349.61869 2.61820
8628 1 -43.02318 2.60060
8651 1 -760.14619 0.59198
8666 1 -147.11049 2.60754
8672 1 -80.11934 2.61962
8673 1 -498.29512 0.59194
8683 1 -246.82293 0.60579
8686 1 183.84980 2.59653
8702 1 357.39573 2.59908
8706 1 42.12814 2.61939
8707 1 -896.14506 0.59646
8713 1 1604.09802 0.59919
8721 1 -78.79401 0.60680
8736 1 338.35115 2.61229
8741 1 1085.47536 0.59667
8747 1 -1210.95231 0.60827
8752 1 -6.14734 2.60074
8761 1 -288.63756 0.58920
8769 1 -112.78769 0.59196
8772 1 186.92371 2.60481
8783 1 1501.91743 0.60462
8793 1 -334.18182 0.59917
8803 1 -49.18140 0.61337
8811 1 -1457.68796 0.60353
8812 1 -674.50318 2.61420
8827 1 1876.14684 0.60439
8829 1 223.93642 0.59959
8831 1 727.78480 3.45188
8832 1 1030.16309 2.61212
8833 1 1527.26121 0.59113
8835 1 460.93756 3.45355
8844 1 624.38588 2.61992
8859 1 -237.43617 0.59064
8866 1 412.65495 2.60960
8870 1 226.09173 2.60870
8894 1 111.88973 2.60272
8895 1 649.90325 0.60780
8899 1 691.52254 3.45383
8916 1 83.48240 2.62440
8923 1 -699.21519 0.59628
8926 1 -298.05522 2.59634
8937 1 36.12611 3.45257
8938 1 1346.74319 2.62986
8953 1 -183.79214 3.45396
8962 1 25.26861 2.60985
8967 1 1728.88006 0.60004
8975 1 -23.84998 0.58920
8977 1 2827.42854 0.59633
8980 1 106.83699 2.59483
8981 1 -2557.79241 0.61344
8987 1 -595.54567 0.60469
8989 1 62.61146 0.59084
8996 1 633.53253 2.59379
9006 1 883.33520 2.61756
9014 1 -297.65947 2.59220
9028 1 317.47712 2.60693
9033 1 586.82664 0.59105
9035 1 1682.42294 0.58481
9037 1 -1645.21167 0.58925
9039 1 1271.61753 0.59167
9046 1 -26.82374 2.59381
9047 1 118.66942 0.59171
9060 1 514.55369 2.59550
9063 1 -2048.09769 0.58988
9066 1 -436.63608 2.59476
9075 1 979.50042 0.60832
9076 1 -5.39724 2.62125
9084 1 341.54515 2.61603
9085 1 1060.74222 0.60672
9090 1 -1656.08579 2.61979
9093 1 1592.49617 0.59335
9094 1 203.72953 2.58882
9099 1 709.50256 0.60844
9107 1 193.87695 3.45209
9132 1 -143.92122 2.60493
9142 1 1107.66177 2.60585
9151 1 -338.74321 0.59201
9162 1 498.35574 2.60918
9173 1 203.10951 0.59164
9185 1 124.37541 0.59343
9189 1 -475.27192 0.59090
9194 1 498.08885 2.58077
9210 1 -118.58694 2.59959
9234 1 -1.18965 2.61897
9235 1 650.07297 3.45154
9242 1 1351.56725 2.59759
9244 1 -318.92174 2.61754
9256 1 683.32044 2.59708
9262 1 32.03498 2.61216
9269 1 728.37696 3.45141
9274 1 306.16140 2.60820
9280 1 1296.95021 2.58840
9281 1 -102.00206 0.59853
9283 1 104.11676 3.45405
9287 1 838.94342 0.58949
9288 1 425.78204 2.60533
9289 1 704.54601 0.58922
9290 1 588.70781 2.60526
9296 1 922.41600 2.61359
9303 1 1064.72896 0.59347
9310 1 -89.26749 2.58970
9319 1 -1478.40902 0.59233
9331 1 -712.35502 0.60761
9336 1 -288.91863 2.58962
9349 1 648.32957 0.60756
9375 1 538.84888 0.59922
9377 1 902.68564 0.59144
9382 1 604.80505 2.62177
9387 1 -384.78275 0.60306
9398 1 27.71080 2.61715
9416 1 34.69102 2.59125
9423 1 1342.88897 0.59025
9426 1 -108.81991 2.59536
9451 1 -324.98549 0.59921
9458 1 249.34298 2.59170
9477 1 -1542.65441 0.60336
9487 1 -2083.52280 0.60766
9496 1 -228.79441 2.61879
9505 1 678.27457 0.60660
9509 1 -90.88984 0.59643
9518 1 -382.04715 2.59198
9536 1 -215.23236 2.59735
9543 1 1341.74776 0.59517
9545 1 -600.74695 0.60367
9548 1 676.32280 2.60989
9553 1 -2655.06632 0.59892
9560 1 81.73649 2.59474
9574 1 -289.34646 2.61326
9587 1 -1152.06279 0.59142
9590 1 -712.83317 2.60226
9598 1 -742.10186 2.59380
9600 1 -265.57547 2.59727
9601 1 564.19522 0.59156
9617 1 493.73922 3.45288
9633 1 -172.25995 0.59995
9635 1 -27.14607 0.59014
9644 1 835.89169 2.61378
9645 1 1955.70927 0.60679
9653 1 919.56785 0.60470
9661 1 -1276.57506 0.60017
9701 1 1351.23818 0.58456
9706 1 267.80023 2.61763
9733 1 -232.90602 3.45327
9735 1 207.58230 0.60830
9741 1 3.74120 0.60007
9747 1 1544.00818 0.58912
9752 1 48.36246 2.59622
9756 1 -87.13650 2.59558
9760 1 806.39494 2.60451
9769 1 1975.55527 0.60435
9771 1 1471.72442 0.59605
9776 1 325.10242 2.59363
9777 1 815.89907 0.59180
9779 1 -158.63099 3.45357
9783 1 2653.28485 0.60868
9798 1 65.75467 2.61554
9802 1 -217.83635 2.59165
9806 1 -685.60161 2.62478
9807 1 1138.95728 0.59996
9818 1 599.14474 2.61789
9821 1 -601.94046 0.59540
9823 1 1168.93897 0.60754
9831 1 -537.45172 0.59222
9845 1 413.88453 0.59637
9854 1 160.19938 2.61677
9862 1 -318.27998 2.58107
9877 1 -1879.92472 0.58959
9878 1 220.80172 2.62426
9882 1 384.31579 2.59563
9895 1 1141.10171 0.59134
9896 1 406.84115 2.61166
9907 1 -2435.83549 0.60349
9927 1 120.84393 0.59171
9934 1 591.32511 2.61502
9942 1 -379.01586 2.59945
9959 1 75.25623 0.59144
10000 1 504.86773 2.59551
10009 1 1171.24193 0.58954
10019 1 -421.24062 0.59535
10020 1 410.56690 2.59249
10029 1 -361.04287 3.45418
10049 1 -427.00408 3.45275
10067 1 -767.70738 0.60521
10084 1 789.30750 2.59515
10089 1 -1124.19813 0.60803
10093 1 465.28618 3.45101
10094 1 878.95837 2.62120
10101 1 2853.43970 0.59185
10102 1 603.69993 2.59626
10115 1 -239.12953 0.60004
10116 1 -833.21643 2.59068
10126 1 -54.57930 2.60009
10135 1 -153.31175 3.45408
10154 1 396.46938 2.60931
10164 1 118.32723 2.59561
10173 1 431.57099 0.60563
10175 1 -889.31755 0.59274
10186 1 -219.33737 2.61953
10192 1 242.65832 2.58986
10209 1 409.33570 0.59668
10240 1 -37.20238 2.59045
10242 1 -753.27178 2.61718
10247 1 1028.57322 0.59291
10262 1 361.54921 2.58671
10267 1 2679.44781 0.60307
10279 1 1406.79827 0.59162
10287 1 590.93291 0.58982
10303 1 156.92922 0.59068
10323 1 649.67460 0.58474
10331 1 334.39505 0.59010
10333 1 561.56331 3.45310
10349 1 -777.16232 3.45141
10350 1 902.94435 2.64279
10353 1 1037.26346 0.59840
10355 1 -329.39360 3.45250
10359 1 -509.15753 3.45167
10371 1 -34.86826 0.59079
10375 1 -82.98469 0.60270
10388 1 553.16049 2.59404
10399 1 -1055.41356 0.58941
10402 1 107.31376 2.60663
10403 1 109.48853 3.45288
10405 1 335.60157 3.45261
10415 1 443.93222 3.45249
10417 1 341.53154 0.58878
10418 1 -235.53520 2.61695
10421 1 329.78451 3.45291
10445 1 346.97898 3.45411
10459 1 783.08347 0.59461
10463 1 230.56148 3.45421
10483 1 1248.06796 3.45285
10497 1 -506.65610 0.61305
10503 1 -87.88556 3.45451
10513 1 637.26556 3.45253
10517 1 32.27299 0.60250
10518 1 528.60573 2.59567
10521 1 1963.23330 0.60691
10525 1 -34.79231 3.45313
10530 1 494.86210 2.59761
10531 1 -8.31001 3.45305
10539 1 -309.34987 3.45221
10544 1 714.80469 2.59857
10547 1 354.91787 3.45244
10549 1 181.31249 3.45180
10569 1 -92.37197 3.45251
10573 1 770.29219 3.45129
10576 1 -11.89576 2.59734
10577 1 1152.58786 3.45309
10594 1 -40.36331 2.59090
10597 1 -1538.41078 0.59196
10613 1 1216.06416 0.60584
10638 1 422.03906 2.61233
10642 1 918.07079 2.61632
10655 1 887.43807 0.59556
10668 1 478.04245 2.61204
10675 1 -575.96500 0.60838
10695 1 904.24187 0.59133
10710 1 -90.68564 2.59524
10711 1 -253.09928 0.59194
10716 1 714.02992 2.59848
10740 1 235.93832 2.61967
10749 1 -520.97055 0.60844
10760 1 -476.92420 2.58965
10770 1 -1519.11229 2.61417
10784 1 -1716.56730 2.63067
10802 1 -558.34619 2.58143
10804 1 -274.85703 2.60691
10805 1 -256.21401 0.59128
10811 1 -76.83536 0.60346
10814 1 -867.53259 2.61617
10815 1 -950.08586 0.59983
10817 1 -125.00019 0.59016
10821 1 -300.34044 0.60354
10862 1 -1054.85819 2.61800
10870 1 -779.15106 2.60928
10875 1 -40.73412 0.60490
10880 1 202.39564 2.60102
10885 1 936.02153 0.59527
10891 1 -721.90101 0.59275
10896 1 -7.32515 2.58987
10901 1 333.34580 0.60742
10923 1 1359.54961 0.61356
10926 1 421.20470 2.61634
10928 1 196.81262 2.59589
10946 1 1095.41112 2.61397
10952 1 852.96668 2.59149
10955 1 -808.71132 0.60008
10961 1 1528.60685 0.58939
10972 1 339.62665 2.62079
11000 1 -347.06654 2.58815
11014 1 -228.27092 2.59428
11020 1 -61.20599 2.62305
11023 1 -1424.05182 0.60323
11033 1 -69.10766 0.60734
11035 1 -2105.15360 0.59983
11047 1 1436.86339 0.60479
11052 1 -142.43859 2.59022
11054 1 326.40441 2.61677
11056 1 -175.41854 2.62047
11061 1 -1044.12672 0.60301
11089 1 607.27035 3.45239
11090 1 945.55829 2.65052
11113 1 1147.44034 0.60823
11121 1 1342.88121 0.59177
11126 1 478.06587 2.60074
11135 1 1461.05024 3.45375
11149 1 1379.58582 0.59024
11160 1 258.76480 2.60230
11161 1 2138.50470 0.60281
11162 1 839.72668 2.63067
11163 1 74.67698 0.59544
11173 1 -232.98788 0.59177
11184 1 319.17572 2.59298
11191 1 706.64562 0.60294
11193 1 1057.88554 0.60004
11204 1 746.45716 2.60032
11218 1 63.19096 2.60360
11225 1 165.80273 0.60325
11242 1 -137.40144 2.59241
11255 1 -2485.91063 0.61317
11263 1 212.06972 3.45385
11265 1 851.16390 0.61326
11283 1 -1910.28049 0.59634
11318 1 947.44288 2.59238
11321 1 369.65771 0.59904
11325 1 -1237.03569 0.58943
11328 1 661.38561 2.61996
11334 1 396.87677 2.60870
11353 1 2982.11091 0.59299
11381 1 47.09281 0.60873
11388 1 -832.13142 2.62357
11405 1 142.22619 0.60047
11423 1 -1760.75536 0.60299
11425 1 1043.23529 0.59009
11445 1 405.47832 0.60662
11448 1 -1217.20458 2.61338
11449 1 -1540.46958 0.59161
11491 1 -12.98174 0.59191
11499 1 -472.05371 0.58952
11501 1 -2471.68834 0.58992
11502 1 -18.79617 2.60618
11503 1 -14.53724 0.59996
11512 1 324.41643 2.60632
11516 1 -1155.36663 2.60172
11519 1 1051.58163 0.59264
11531 1 461.96674 0.58966
11544 1 1045.28021 2.60611
11561 1 811.56570 0.60798
11572 1 543.63170 2.59309
11574 1 50.92608 2.61690
11584 1 -149.21163 2.61949
11587 1 197.58771 3.45247
11594 1 -230.16410 2.61945
11595 1 423.55408 3.45178
11605 1 1133.83520 3.45350
11619 1 -293.71865 3.45520
11654 1 38.74238 2.58997
11656 1 -185.36197 2.59769
11671 1 721.57493 0.58939
11675 1 -789.21069 0.59010
11695 1 94.80139 0.60291
11699 1 1516.01540 0.60007
11715 1 -1921.43071 0.58967
11735 1 1284.41840 0.60495
11756 1 997.43156 2.59578
11757 1 112.52548 0.60847
11776 1 -40.86689 2.61436
11779 1 215.15733 0.59021
11780 1 -146.50706 2.59544
11781 1 1412.13965 0.60841
11783 1 -45.07597 0.60848
11786 1 90.71308 2.59642
11804 1 737.48061 2.61811
11819 1 -245.93605 0.59202
11827 1 1460.76630 0.59518
11836 1 164.18180 2.59727
11852 1 -19.67336 2.60812
11866 1 -630.19350 2.58990
11869 1 2361.57352 0.59348
11886 1 736.97963 2.59248
11899 1 -1510.07837 0.60586
11900 1 372.22628 2.59041
11902 1 -834.05791 2.59564
11907 1 2250.40631 0.60360
11914 1 233.56777 2.59699
11922 1 775.79499 2.61686
11932 1 -780.71841 2.61751
11940 1 -205.71472 2.61312
11944 1 -865.69282 2.59147
11968 1 811.94399 2.61194
11969 1 2267.77664 0.59545
11980 1 301.49998 2.59382
11981 1 622.57941 0.61355
11984 1 475.28630 2.60066
11990 1 -106.83681 2.60417
12008 1 225.15966 2.59859
12009 1 -69.12120 0.59009
12019 1 -483.67876 0.59891
12021 1 164.67336 0.59543
12027 1 -998.44162 0.60378
12029 1 -866.06087 0.61343
12030 1 -740.92288 2.61077
12035 1 -406.05708 0.59923
12038 1 17.10674 2.58085
12050 1 125.17096 2.59237
12054 1 -485.56092 2.58309
12058 1 -283.38717 2.61752
12071 1 -1159.70338 0.59077
12080 1 -652.75474 2.58114
12082 1 902.32875 2.60707
12094 1 -753.30560 2.59317
